I
1130 Generated by WorldEditor 2.0.0r4

1    339 1 0 EBBE Beauvechain
1302 city Beauvechain
1302 country Belgium
1302 datum_lat 50.757833333
1302 datum_lon 4.767
1302 faa_code 
1302 iata_code 
1302 icao_code EBBE
1302 region_code EB
1302 state Walloon Brabant
1302 transition_alt 4500
1302 transition_level 
100 45.11 1 0 0.00 0 3 1 04L  50.74695235  004.75335451  350    0 2 3 0 0 22R  50.76849200  004.78068638  349    0 3 3 0 0
100 22.86 1 0 0.00 0 1 1 04R  50.74669010  004.75969244   50    0 2 0 0 0 22L  50.76369324  004.78123008   50    0 2 0 0 0
102 H1  50.74926831  004.77097649 292.13 43.40 29.00 1 0 0 0.00 1
110 2 0.00 143.0000 New Taxiway 5
111  50.74578097  004.76907061
112  50.74579992  004.76894379  50.74583922  004.76889376
111  50.74597477  004.76873518
111  50.74587632  004.76851168
113  50.74565469  004.76877218
110 2 0.00 143.0000 New Taxiway 4
111  50.74358322  004.76539578
111  50.74336194  004.76579852
111  50.74322936  004.76593005
111  50.74356422  004.76674574
111  50.74384667  004.76643304
111  50.74386043  004.76629078
111  50.74404181  004.76596112 102
111  50.74427865  004.76591731
113  50.74388361  004.76495734 102
110 2 0.00 143.0000 New Taxiway 4
111  50.74537096  004.76897508 102
111  50.74498293  004.76938337
111  50.74470530  004.76970305
111  50.74513219  004.77062087
111  50.74536907  004.77030430 102
111  50.74536130  004.77012482
111  50.74555369  004.76990126
111  50.74559765  004.76996916
111  50.74572053  004.76980384
111  50.74569162  004.76974950 102
111  50.74585397  004.76956695
113  50.74552102  004.76878911 102
110 1 0.00 40.0000 New Taxiway 2
111  50.74723860  004.76056869
111  50.75057452  004.76479520
111  50.75059861  004.76494349
112  50.74900391  004.77102638  50.74842963  004.77346857
111  50.74900391  004.77102638
112  50.74900391  004.77102638  50.74894731  004.77126708
112  50.74903971  004.77189113  50.74903541  004.77215987
111  50.74903971  004.77189113
112  50.74903971  004.77189113  50.74903497  004.77218702
112  50.74887652  004.77262015  50.74883097  004.77279139
111  50.74887652  004.77262015
112  50.74887652  004.77262015  50.74879109  004.77296455
112  50.74855510  004.77267464  50.74853965  004.77272726
111  50.74855510  004.77267464
112  50.74855510  004.77267464  50.74846301  004.77298820
111  50.74822064  004.77292916
111  50.74891201  004.77371774 102
112  50.74885318  004.77347226  50.74886753  004.77340992 102
112  50.75094620  004.76548004  50.75097522  004.76539339 102
112  50.75113971  004.76551420  50.75117789  004.76555192
111  50.75942009  004.77602649
111  50.75955428  004.77577781
112  50.75948843  004.77540325  50.75955785  004.77523179
112  50.75975507  004.77478022  50.75982333  004.77460237
112  50.76028750  004.77319797  50.76033523  004.77308137
112  50.76074716  004.77176847  50.76079134  004.77165692
111  50.76106304  004.77166260
111  50.76055476  004.77102119
112  50.76062729  004.77166670  50.76056469  004.77190143
112  50.76014801  004.77319279  50.76011506  004.77332703
112  50.75955704  004.77491957  50.75946818  004.77509101
112  50.75923714  004.77495832  50.75907936  004.77479394
111  50.75923714  004.77495832
112  50.75923714  004.77495832  50.75917041  004.77488880
111  50.75486071  004.76936201
111  50.75566699  004.76811477
111  50.75573943  004.76824234
111  50.75600027  004.76781550
111  50.75592676  004.76769244
111  50.75683346  004.76630541
111  50.75680621  004.76628238
111  50.75590029  004.76764681
111  50.75583539  004.76754489
111  50.75548427  004.76806374
111  50.75555616  004.76816878
111  50.75480564  004.76929608
111  50.74809138  004.76066488
111  50.74768064  004.76053253
113  50.74741409  004.76020754
110 1 0.00 0.0000 Taxiway North
111  50.76651597  004.77781353
111  50.76653500  004.77778670 102
112  50.76650366  004.77724163  50.76664089  004.77696101 102
112  50.76689979  004.77647340  50.76693887  004.77640887 102
112  50.76740450  004.77603188  50.76745753  004.77601668 102
112  50.76764210  004.77641659  50.76771539  004.77653676
112  50.76787888  004.77668468  50.76792456  004.77671915
111  50.76806020  004.77671383
111  50.76836711  004.77730336
111  50.76850494  004.77712576
111  50.76833926  004.77680091
111  50.76836532  004.77658587
112  50.76894929  004.77602691  50.76928339  004.77555924
112  50.76936933  004.77394702  50.76931836  004.77350493
111  50.76936933  004.77394702
112  50.76936933  004.77394702  50.76932307  004.77350803
112  50.76902262  004.77264836  50.76886939  004.77237908
111  50.76902262  004.77264836
112  50.76902262  004.77264836  50.76889286  004.77234002
112  50.76853548  004.77215656  50.76835400  004.77212917
111  50.76853548  004.77215656
112  50.76853548  004.77215656  50.76854540  004.77204527 102
111  50.76853877  004.77195731 102
111  50.76831694  004.77177324
111  50.76834350  004.77124910
111  50.76815762  004.77122291
111  50.76811105  004.77209750 102
111  50.76721035  004.77204469 102
111  50.76718637  004.77183270
111  50.76734111  004.77145475
111  50.76718423  004.77130517
111  50.76690214  004.77199658 102
112  50.76658105  004.77198773  50.76651548  004.77197615 102
112  50.76632476  004.77205408  50.76624203  004.77210149 102
112  50.76618754  004.77180203  50.76614962  004.77167553 102
112  50.76601865  004.77126374  50.76594112  004.77098982 102
112  50.76571302  004.77034793  50.76561523  004.77012220 102
111  50.76476509  004.76843265 102
111  50.76476748  004.76767981
111  50.76506627  004.76692940
111  50.76507931  004.76661638
111  50.76419621  004.76520682
111  50.76395930  004.76531925
112  50.76370067  004.76570960  50.76365308  004.76577584
112  50.76358726  004.76578899  50.76356453  004.76577893
111  50.76355446  004.76577184
111  50.76361639  004.76541109
111  50.76344213  004.76533296
111  50.76337747  004.76572513 102
112  50.76330375  004.76590855  50.76323634  004.76594087 102
112  50.76313071  004.76581786  50.76309144  004.76574544 102
112  50.76237717  004.76448424  50.76232495  004.76440051 102
112  50.76217475  004.76416940  50.76212070  004.76411963 102
112  50.76169500  004.76367623  50.76160587  004.76357918 102
112  50.76120375  004.76305815  50.76111290  004.76293664 102
111  50.76052552  004.76200188
112  50.76058042  004.76178008  50.76061638  004.76173392
111  50.76058042  004.76178008
112  50.76058042  004.76178008  50.76061770  004.76173222
111  50.76066543  004.76178959
111  50.76094043  004.76159298
111  50.76086179  004.76132838
111  50.76061023  004.76149407
111  50.76058398  004.76145247
112  50.76058239  004.76134090  50.76059028  004.76129814
112  50.76067533  004.76114660  50.76071302  004.76111346
111  50.76097191  004.76089329
111  50.76033054  004.75882280
111  50.75988471  004.75917664 102
112  50.75937907  004.75909029  50.75933505  004.75908106 102
112  50.75914217  004.75898510  50.75909842  004.75888046 102
112  50.75886904  004.75830104  50.75884329  004.75824373 102
112  50.75872780  004.75798178  50.75869360  004.75793098 102
112  50.75784617  004.75670331  50.75780964  004.75665346 102
112  50.75757902  004.75634757  50.75753280  004.75632023 102
112  50.75626322  004.75556511  50.75615560  004.75550436
111  50.75626322  004.75556511
112  50.75626322  004.75556511  50.75620732  004.75553355 102
112  50.75533294  004.75491505  50.75491951  004.75457127
111  50.75533294  004.75491505
112  50.75533294  004.75491505  50.75521261  004.75481709 102
112  50.75452319  004.75423562  50.75446201  004.75418082
111  50.75452319  004.75423562
112  50.75452319  004.75423562  50.75436867  004.75415453 102
112  50.75374140  004.75349362  50.75368304  004.75343512 102
112  50.75295038  004.75267655  50.75292942  004.75265446 102
111  50.75277430  004.75248090 102
112  50.75269577  004.75255337  50.75264402  004.75263322 102
112  50.75253042  004.75269672  50.75243259  004.75276299 102
112  50.75167706  004.75346609  50.75165196  004.75347742 102
112  50.75150655  004.75357923  50.75148862  004.75356223
112  50.75141071  004.75327609  50.75139018  004.75321102
111  50.75141071  004.75327609
112  50.75141071  004.75327609  50.75144032  004.75320423
112  50.75145731  004.75292980  50.75142412  004.75272230
112  50.75122526  004.75278697  50.75116177  004.75282267
112  50.75113567  004.75313104  50.75115940  004.75332332
112  50.75132215  004.75333130  50.75135402  004.75332019
111  50.75132215  004.75333130
112  50.75132215  004.75333130  50.75133397  004.75337906
112  50.75139226  004.75364306  50.75138867  004.75371107 102
112  50.75126577  004.75383725  50.75122706  004.75386788 102
112  50.75089709  004.75416590  50.75082537  004.75424524 102
112  50.74990495  004.75526436  50.74969221  004.75556233 102
112  50.74947047  004.75567704  50.74935377  004.75571109 102
111  50.74911448  004.75564945
111  50.74911448  004.75567688
111  50.74978489  004.75652655
112  50.74977854  004.75638598  50.74975313  004.75632574 102
112  50.74981055  004.75575637  50.74988133  004.75559058 102
112  50.75004311  004.75539824  50.75013520  004.75527570 102
112  50.75075642  004.75455312  50.75077541  004.75453304 102
112  50.75083943  004.75454751  50.75086240  004.75462450
111  50.75116879  004.75576826
111  50.75131217  004.75568570
111  50.75129194  004.75560862
112  50.75144187  004.75558600  50.75147958  004.75556613
112  50.75157529  004.75556044  50.75164700  004.75557744
112  50.75179671  004.75556633  50.75197584  004.75544381
112  50.75166964  004.75508610  50.75147989  004.75520511
112  50.75149998  004.75540175  50.75141226  004.75545760
112  50.75122619  004.75536845  50.75118102  004.75523237
112  50.75098247  004.75450037  50.75096650  004.75443400 102
112  50.75098261  004.75431884  50.75102542  004.75425963 102
112  50.75205966  004.75334863  50.75208337  004.75332521 102
112  50.75216307  004.75330305  50.75220042  004.75329227 102
112  50.75228349  004.75337957  50.75229830  004.75344983
112  50.75236240  004.75364961  50.75237890  004.75372720
112  50.75236250  004.75402230  50.75244168  004.75423517
112  50.75265852  004.75375546  50.75258443  004.75349747
112  50.75247033  004.75355275  50.75242993  004.75344008
112  50.75237227  004.75312310  50.75239780  004.75303334 102
112  50.75256641  004.75297126  50.75268001  004.75294587 102
112  50.75303029  004.75300530  50.75318358  004.75315881 102
112  50.75336414  004.75332091  50.75343705  004.75340078 102
112  50.75351245  004.75367855  50.75351810  004.75381300
112  50.75356985  004.75484200  50.75357348  004.75497391
112  50.75374645  004.75527350  50.75380038  004.75532961
111  50.75390057  004.75544017
111  50.75402056  004.75520024
111  50.75384352  004.75498484
112  50.75365873  004.75473426  50.75364477  004.75461145
112  50.75361383  004.75375778  50.75360989  004.75363309 102
112  50.75377947  004.75377019  50.75384160  004.75383253 102
112  50.75424262  004.75420502  50.75433155  004.75428534 102
112  50.75545136  004.75519965  50.75562274  004.75533116 102
112  50.75750535  004.75651141  50.75756126  004.75654455 102
112  50.75767675  004.75673019  50.75773964  004.75681855 102
112  50.75872657  004.75825585  50.75877679  004.75836691 102
111  50.75953153  004.76041298
112  50.75951855  004.76050740  50.75947804  004.76054034
111  50.75943867  004.76048951
111  50.75923132  004.76068132
111  50.75942746  004.76117892
112  50.75958531  004.76102036  50.75960721  004.76099336
112  50.75965472  004.76106444  50.75967462  004.76104901
111  50.75972587  004.76100900
111  50.75974337  004.76112653
111  50.75963624  004.76119996
111  50.75963390  004.76138580
111  50.75936130  004.76167471
111  50.75945939  004.76191449
111  50.75974720  004.76162286
111  50.75980935  004.76164597
112  50.75985482  004.76192513  50.75987057  004.76202472
111  50.75985482  004.76192513
112  50.75985482  004.76192513  50.75986210  004.76197119
112  50.76059660  004.76650249  50.76067858  004.76675127
112  50.76180995  004.76847902  50.76210387  004.76894711
111  50.76180995  004.76847902
112  50.76180995  004.76847902  50.76198619  004.76871255
111  50.76188919  004.76881329
112  50.76155870  004.76935529  50.76134148  004.76971472
111  50.76112279  004.76922838
111  50.76091421  004.76789689
111  50.76079606  004.76795595
112  50.76100397  004.76928126  50.76101789  004.76939070
111  50.76100397  004.76928126
112  50.76100397  004.76928126  50.76105715  004.76969928
112  50.76106159  004.77023822  50.76100563  004.77036817 102
112  50.76089096  004.77046637  50.76082911  004.77047851 102
111  50.76077335  004.77047492
111  50.76113922  004.77094141 102
112  50.76108822  004.77082260  50.76108159  004.77077990 102
112  50.76109350  004.77055374  50.76112003  004.77046266 102
112  50.76125225  004.77014708  50.76128728  004.77006190 102
112  50.76141663  004.76986640  50.76145435  004.76979843 102
111  50.76306766  004.76722652
111  50.76375902  004.76721231 102
112  50.76422073  004.76794709  50.76427700  004.76803605 102
112  50.76563911  004.77053574  50.76574005  004.77073291 102
112  50.76584233  004.77110429  50.76590104  004.77130422 102
111  50.76612250  004.77203455
111  50.76609809  004.77218018
111  50.76583347  004.77239483
111  50.76589628  004.77257802
111  50.76616406  004.77235948
111  50.76623273  004.77236890 102
112  50.76704118  004.77498520  50.76714589  004.77541861 102
112  50.76682858  004.77626073  50.76661525  004.77670625 102
112  50.76635971  004.77708195  50.76624775  004.77726461 102
112  50.76600563  004.77712560  50.76595366  004.77710431
113  50.76597170  004.77715693
112  50.76010166  004.76045530  50.76012144  004.76049885
112  50.76015298  004.76068219  50.76010624  004.76068414 102
112  50.75994425  004.76063846  50.75989126  004.76062178 102
112  50.75985261  004.76040208  50.75986038  004.76033507 102
112  50.75991003  004.76010288  50.75992603  004.76002542
114  50.75998525  004.76015139  50.76000182  004.76019664
111  50.76085247  004.76282385 102
111  50.76068803  004.76303877
111  50.76041042  004.76301357
111  50.76040513  004.76332933
111  50.76068722  004.76334685
111  50.76075148  004.76326404
111  50.76083108  004.76331629
112  50.76046456  004.76385829  50.76042417  004.76391871
111  50.76032164  004.76395614
111  50.76056984  004.76562582
111  50.76071822  004.76565576
111  50.76084510  004.76521523
111  50.76101213  004.76545787
111  50.76101703  004.76579961
111  50.76120872  004.76613179
111  50.76080916  004.76675650
112  50.76063675  004.76634683  50.76061358  004.76620489
112  50.75992630  004.76169523  50.75988522  004.76140988 102
114  50.76000619  004.76144013  50.76005532  004.76153080 102
111  50.76323346  004.76701865
112  50.76322979  004.76699058  50.76324585  004.76697027 102
112  50.76342276  004.76668167  50.76344282  004.76665226 102
112  50.76347359  004.76666510  50.76348847  004.76668622 102
111  50.76365918  004.76699441
113  50.76365384  004.76700745
111  50.76435473  004.76690855 102
111  50.76431487  004.76696479 102
112  50.76411771  004.76704516  50.76404070  004.76704106 102
112  50.76396691  004.76676528  50.76397000  004.76665488 102
111  50.76399707  004.76644241 102
113  50.76403146  004.76638293
112  50.76661006  004.77209872  50.76666099  004.77209549 102
111  50.76685611  004.77211625 102
112  50.76680294  004.77233428  50.76678965  004.77247035
111  50.76680294  004.77233428
112  50.76680294  004.77233428  50.76677904  004.77257892 102
112  50.76682938  004.77268518  50.76682071  004.77281937
111  50.76682938  004.77268518
112  50.76682938  004.77268518  50.76682276  004.77278752 102
112  50.76677623  004.77322785  50.76672045  004.77332146
111  50.76677623  004.77322785
112  50.76677623  004.77322785  50.76671819  004.77332524 102
112  50.76660393  004.77306024  50.76657922  004.77297922
111  50.76660393  004.77306024
112  50.76660393  004.77306024  50.76655547  004.77290136 102
112  50.76634957  004.77232071  50.76632789  004.77222467 102
114  50.76639556  004.77213619  50.76643514  004.77210660 102
112  50.76716631  004.77374969  50.76715420  004.77397031 102
112  50.76702048  004.77404706  50.76695447  004.77404340 102
112  50.76685786  004.77377499  50.76685974  004.77359892 102
112  50.76695413  004.77266138  50.76695764  004.77262622 102
112  50.76703032  004.77239419  50.76703379  004.77224948 102
112  50.76703109  004.77219506  50.76708076  004.77220283 102
112  50.76719771  004.77221746  50.76721484  004.77222188 102
112  50.76725634  004.77230214  50.76725301  004.77235445
112  50.76723729  004.77289928  50.76722803  004.77304435
112  50.76715090  004.77301869  50.76714924  004.77306043
112  50.76713924  004.77333813  50.76713758  004.77337987
114  50.76717860  004.77343855  50.76717458  004.77349148
112  50.76783726  004.77226920  50.76783870  004.77229322 102
111  50.76784107  004.77240647 102
112  50.76774248  004.77263796  50.76774486  004.77282861 102
111  50.76784625  004.77288306 102
112  50.76788473  004.77343547  50.76790311  004.77376746 102
112  50.76783025  004.77391750  50.76778312  004.77404888 102
112  50.76740338  004.77488884  50.76729312  004.77512682 102
112  50.76715810  004.77472333  50.76714395  004.77441727 102
111  50.76723760  004.77436497 102
111  50.76737042  004.77425222
111  50.76758334  004.77397311
111  50.76747029  004.77374660
111  50.76724761  004.77403106 102
112  50.76722694  004.77385673  50.76723602  004.77372294
112  50.76726481  004.77351677  50.76728329  004.77348658
112  50.76738169  004.77334076  50.76738625  004.77327948
112  50.76738751  004.77305712  50.76738903  004.77299223
112  50.76732141  004.77293462  50.76732627  004.77284818
112  50.76735185  004.77227147  50.76735383  004.77221740 102
112  50.76741994  004.77218137  50.76744881  004.77218378 102
114  50.76780277  004.77220938  50.76782936  004.77221539 102
111  50.76793396  004.77239384 102
112  50.76792854  004.77226224  50.76792919  004.77221914 102
112  50.76799301  004.77223149  50.76802064  004.77223695 102
112  50.76816503  004.77227750  50.76824690  004.77229838 102
112  50.76831512  004.77264302  50.76831856  004.77284008 102
112  50.76819588  004.77305096  50.76815423  004.77315098 102
112  50.76797291  004.77305148  50.76796292  004.77290542 102
111  50.76798422  004.77290513 102
114  50.76802431  004.77261443  50.76801273  004.77239153 102
112  50.76742636  004.77519846  50.76751962  004.77500590 102
112  50.76797513  004.77391911  50.76802673  004.77380588 102
112  50.76824691  004.77395102  50.76829369  004.77398055 102
112  50.76858444  004.77427658  50.76866908  004.77434140 102
112  50.76857944  004.77461197  50.76854179  004.77472375 102
112  50.76847965  004.77480642  50.76844033  004.77485740 102
111  50.76840038  004.77490211 102
111  50.76836263  004.77476802
111  50.76831473  004.77460795
111  50.76833916  004.77458598
111  50.76820038  004.77419251
111  50.76804101  004.77432934
111  50.76818022  004.77471756 102
111  50.76811746  004.77496154 102
111  50.76814915  004.77509932 102
114  50.76754698  004.77562130  50.76736462  004.77572210 102
111  50.76809152  004.77565046
111  50.76798221  004.77601208 102
111  50.76789922  004.77596359 102
112  50.76781968  004.77592512  50.76777514  004.77591903 102
112  50.76772892  004.77583470  50.76770287  004.77572743 102
114  50.76782615  004.77564989  50.76792232  004.77560836 102
111  50.76799201  004.77634067 102
111  50.76802318  004.77655986
112  50.76788387  004.77655545  50.76784464  004.77653969
112  50.76780399  004.77647360  50.76779431  004.77646020
112  50.76769882  004.77629213  50.76766302  004.77624127 102
112  50.76774770  004.77612697  50.76780015  004.77611144 102
114  50.76787964  004.77628572  50.76791012  004.77629810 102
112  50.76894945  004.77264844  50.76902329  004.77279423
112  50.76910141  004.77302340  50.76911728  004.77310322
112  50.76905680  004.77318535  50.76903315  004.77320487
111  50.76893379  004.77321127
111  50.76871018  004.77299476 102
111  50.76861392  004.77288069 102
112  50.76851801  004.77257650  50.76841602  004.77251418 102
112  50.76843934  004.77230396  50.76844265  004.77222805
114  50.76866961  004.77233559  50.76873485  004.77237743
112  50.76828055  004.77317426  50.76832819  004.77306887 102
111  50.76836008  004.77298582 102
111  50.76860296  004.77323380
112  50.76878278  004.77343790  50.76880953  004.77347893
112  50.76874718  004.77384930  50.76867271  004.77401119 102
112  50.76854479  004.77395037  50.76848463  004.77391186 102
112  50.76832697  004.77380074  50.76819228  004.77370053 102
114  50.76816416  004.77346957  50.76821848  004.77332830 102
112  50.76928572  004.77374580  50.76929864  004.77381019
112  50.76931565  004.77403263  50.76931801  004.77412215
112  50.76931111  004.77430528  50.76930473  004.77436550
112  50.76926071  004.77438034  50.76923096  004.77437109
111  50.76910198  004.77437288
111  50.76925375  004.77409866
111  50.76912140  004.77391890
111  50.76894533  004.77424088 102
112  50.76889520  004.77428545  50.76887593  004.77425641 102
112  50.76882731  004.77402729  50.76884517  004.77393143
112  50.76893789  004.77354389  50.76897265  004.77343857
111  50.76905467  004.77333262
112  50.76912732  004.77324595  50.76914691  004.77322795
114  50.76918502  004.77330773  50.76919713  004.77334910
112  50.76919148  004.77518601  50.76916180  004.77527149
111  50.76911556  004.77520078
111  50.76912297  004.77512755 102
112  50.76905119  004.77500222  50.76900111  004.77497508 102
112  50.76884113  004.77497418  50.76875348  004.77492685 102
112  50.76882035  004.77468772  50.76885861  004.77464193 102
112  50.76899301  004.77457713  50.76902077  004.77454997 102
112  50.76907519  004.77455320  50.76910378  004.77455155
112  50.76916001  004.77450829  50.76918152  004.77449680
112  50.76927080  004.77451126  50.76930156  004.77452761
114  50.76928118  004.77472228  50.76926989  004.77480545
112  50.76892274  004.77593622  50.76884837  004.77604363
112  50.76861398  004.77629266  50.76851062  004.77640613
112  50.76828582  004.77648464  50.76817817  004.77650916
112  50.76807674  004.77619155  50.76809145  004.77608616
111  50.76809594  004.77607099
111  50.76806490  004.77605237
111  50.76817535  004.77568148
111  50.76824832  004.77565787
111  50.76838004  004.77574652
111  50.76827585  004.77614267
111  50.76847079  004.77624965
111  50.76862374  004.77568835
112  50.76832161  004.77549341  50.76830036  004.77547997 102
111  50.76824091  004.77525152 102
112  50.76841191  004.77509589  50.76845263  004.77506717 102
112  50.76872562  004.77511730  50.76881327  004.77515177 102
112  50.76889350  004.77524484  50.76891829  004.77531702 102
112  50.76896388  004.77534554  50.76897985  004.77536059 102
112  50.76903375  004.77538866  50.76905528  004.77540071
112  50.76909912  004.77539557  50.76910688  004.77541294
114  50.76908681  004.77554602  50.76907380  004.77559678
112  50.75970736  004.76087408  50.75972366  004.76091514
112  50.75965051  004.76095128  50.75963485  004.76091706
112  50.75954097  004.76067766  50.75952099  004.76062974
114  50.75959788  004.76060290  50.75961587  004.76063767 102
111  50.76310991  004.76607367
112  50.76329258  004.76647718  50.76330760  004.76662751
111  50.76295726  004.76712993
112  50.76281713  004.76714180  50.76270953  004.76712202
111  50.76272290  004.76705758
111  50.76274287  004.76705105
111  50.76270702  004.76664729
111  50.76252936  004.76668290
111  50.76256857  004.76709834
111  50.76260943  004.76708641
111  50.76269702  004.76752158
112  50.76253186  004.76781037  50.76246179  004.76790927
111  50.76243927  004.76779850
111  50.76196382  004.76708245
112  50.76186873  004.76686883  50.76184871  004.76678575
111  50.76193129  004.76672641
111  50.76197383  004.76681345
111  50.76215150  004.76652861
111  50.76198634  004.76625961
111  50.76180367  004.76651279
111  50.76186122  004.76662356
112  50.76180617  004.76670268  50.76176363  004.76678180
111  50.76172109  004.76672246
111  50.76147585  004.76633081
111  50.76173360  004.76588774
111  50.76156844  004.76561082
111  50.76128567  004.76602224
111  50.76122311  004.76593126
112  50.76110050  004.76560291  50.76113553  004.76546050
112  50.76139327  004.76548819  50.76149587  004.76546445
111  50.76161348  004.76529039
113  50.76217151  004.76444777
111  50.76211219  004.76434074
112  50.76150472  004.76529906  50.76147142  004.76533569
112  50.76122350  004.76540180  50.76106461  004.76540712
111  50.76088556  004.76506783
111  50.76095652  004.76488496
111  50.76114396  004.76517827
111  50.76124950  004.76500996
111  50.76127690  004.76504192
111  50.76139692  004.76486161
111  50.76117797  004.76450228
111  50.76134572  004.76423764
111  50.76147808  004.76422976
111  50.76148242  004.76437371
111  50.76145114  004.76437701
111  50.76145323  004.76475612
111  50.76163256  004.76476271
111  50.76163882  004.76438360
111  50.76160337  004.76438360
111  50.76160447  004.76421749
113  50.76197456  004.76418581
110 1 0.00 50.0000 Taxiway South
112  50.74723498  004.75997471  50.74708336  004.75976453
112  50.74719992  004.75919484  50.74724857  004.75911026 102
111  50.74899695  004.75677006
111  50.74996188  004.75801314
111  50.75024982  004.75796371
111  50.74884770  004.75618910
112  50.74889148  004.75640916  50.74889188  004.75647495
112  50.74884520  004.75668055  50.74879986  004.75675947 102
111  50.74856348  004.75704957 102
111  50.74825310  004.75703231 102
111  50.74739476  004.75818633 102
111  50.74737849  004.75872530 102
112  50.74558328  004.76113640  50.74552024  004.76121980
112  50.74532441  004.76114219  50.74526320  004.76110819
111  50.74480417  004.76092051
111  50.74476181  004.76119772
112  50.74505341  004.76129824  50.74522117  004.76135895
111  50.74525159  004.76157030 102
112  50.74443231  004.76264690  50.74433620  004.76275678
112  50.74409308  004.76260533  50.74395630  004.76254973
111  50.74373044  004.76242887
111  50.74367285  004.76270177
111  50.74390706  004.76282631
112  50.74413752  004.76304224  50.74406939  004.76312317 102
111  50.74360812  004.76375783
111  50.74324904  004.76300857
111  50.74304840  004.76317092
111  50.74318816  004.76356191
111  50.74301876  004.76378135
112  50.74312184  004.76400331  50.74313390  004.76403042
111  50.74312184  004.76400331
112  50.74312184  004.76400331  50.74316808  004.76410729
111  50.74314200  004.76422933 102
111  50.74305796  004.76433718
111  50.74302761  004.76434596
111  50.74259622  004.76421313
111  50.74256302  004.76449524
111  50.74288267  004.76458805
112  50.74290516  004.76473176  50.74281823  004.76484622 102
112  50.74216359  004.76572790  50.74202535  004.76592805 102
112  50.74214638  004.76644316  50.74224212  004.76662890 102
111  50.74227671  004.76677443
111  50.74183953  004.76683050
111  50.74185707  004.76711337
111  50.74240634  004.76695593 102
112  50.74264897  004.76742447  50.74267142  004.76746557
111  50.74255768  004.76761590
111  50.74245704  004.76745584
111  50.74229085  004.76769173
111  50.74245354  004.76801402
111  50.74264133  004.76772304 102
112  50.74273688  004.76783462  50.74280299  004.76796215
111  50.74271384  004.76846671
111  50.74273768  004.76885485
111  50.74291746  004.76882837
111  50.74289214  004.76840869
111  50.74292309  004.76833055 102
111  50.74302492  004.76821139 102
111  50.74391876  004.76996665 102
111  50.74390590  004.77005723
111  50.74373098  004.77026514
111  50.74405540  004.77089120
112  50.74427886  004.77064819  50.74429843  004.77067377 102
112  50.74475277  004.77161836  50.74481143  004.77172499
111  50.74475010  004.77178655
111  50.74457713  004.77204031
111  50.74468991  004.77220010
111  50.74483917  004.77197735
111  50.74484723  004.77180920 102
112  50.74510887  004.77209187  50.74525849  004.77217206 102
111  50.74575725  004.77237029
111  50.74573874  004.77278133
111  50.74584506  004.77279180
111  50.74586522  004.77241805 102
112  50.74626198  004.77252809  50.74634579  004.77254548 102
112  50.74716987  004.77256560  50.74726148  004.77256560 102
112  50.74776233  004.77263322  50.74785304  004.77272264 102
112  50.74842270  004.77336053  50.74848659  004.77343935 102
112  50.74966832  004.77476615  50.74974625  004.77485061 102
112  50.75009963  004.77518584  50.75017311  004.77523511 102
112  50.75092039  004.77571858  50.75103510  004.77578702 102
112  50.75205631  004.77640475  50.75218713  004.77647727 102
112  50.75331915  004.77678600  50.75348064  004.77679042 102
112  50.75512338  004.77694568  50.75516745  004.77695083
111  50.75516160  004.77701918
111  50.75492208  004.77753885
111  50.75497839  004.77758900
112  50.75524631  004.77705447  50.75527891  004.77701057 102
112  50.75546385  004.77698991  50.75552434  004.77698723 102
112  50.75639765  004.77708015  50.75643725  004.77708015 102
112  50.75642658  004.77718426  50.75640844  004.77722230
111  50.75621096  004.77751832
111  50.75625584  004.77756676
111  50.75661411  004.77709516 102
112  50.75672025  004.77709798  50.75677115  004.77711036
111  50.75678304  004.77730700
111  50.75685972  004.77727739
112  50.75700747  004.77709313  50.75704535  004.77709146 102
112  50.75725474  004.77708862  50.75730467  004.77709257 102
112  50.75751134  004.77726433  50.75755641  004.77738473 102
112  50.75740786  004.77756320  50.75735359  004.77763292
111  50.75697189  004.77814949
111  50.75717703  004.77852035
111  50.75715426  004.77855295
111  50.75742621  004.77903311
111  50.75672642  004.77992819
111  50.75672366  004.78007011
111  50.75681849  004.78024149
111  50.75699613  004.77999755
111  50.75708827  004.78017278
111  50.75738453  004.77977334
111  50.75720852  004.77945601
111  50.75747302  004.77911576
111  50.75756793  004.77928333
111  50.75741820  004.77948471
111  50.75793325  004.78047348
111  50.75827640  004.78005222
111  50.75840159  004.78001580
111  50.75882498  004.78066969
111  50.75871648  004.78082780
111  50.75901317  004.78127458
111  50.75924328  004.78091066
111  50.75901512  004.78053085
111  50.75911708  004.78035077
111  50.75866342  004.77960182
111  50.75860444  004.77968478 102
112  50.75801246  004.77819202  50.75790060  004.77786633 102
112  50.75817991  004.77800116  50.75823878  004.77805699 102
112  50.76095857  004.78117878  50.76101468  004.78123956 102
112  50.76119800  004.78134332  50.76127790  004.78138542 102
112  50.76289698  004.78193891  50.76296821  004.78196143 102
112  50.76326418  004.78193571  50.76337127  004.78179997
111  50.76326418  004.78193571
112  50.76326418  004.78193571  50.76331047  004.78187704 102
111  50.76357718  004.78150307
111  50.76382100  004.78114377 102
111  50.76400131  004.78091950 102
111  50.76416276  004.78115158 102
111  50.76623955  004.77826905
111  50.76567070  004.77750974 102
112  50.76563957  004.77835987  50.76544319  004.77866797 102
112  50.76414244  004.78044064  50.76400384  004.78063237
112  50.76354087  004.78038944  50.76336762  004.78016119
111  50.76212480  004.77858980
111  50.76180297  004.77863677
111  50.75955428  004.77577781
111  50.75912298  004.77523789
112  50.75899025  004.77547905  50.75899934  004.77548980
111  50.75899025  004.77547905
112  50.75899025  004.77547905  50.75902660  004.77552572 102
112  50.75883505  004.77594909  50.75876540  004.77601069 102
112  50.75774889  004.77677963  50.75763115  004.77683885 102
112  50.75697676  004.77689271  50.75684832  004.77689271
111  50.75697676  004.77689271
112  50.75697676  004.77689271  50.75668315  004.77692531 102
112  50.75535079  004.77677498  50.75453625  004.77671599
111  50.75535079  004.77677498
112  50.75535079  004.77677498  50.75437615  004.77670439 102
112  50.75323509  004.77659096  50.75314826  004.77658348
111  50.75323509  004.77659096
112  50.75323509  004.77659096  50.75307570  004.77657724 102
112  50.75208302  004.77622909  50.75199855  004.77617354 102
112  50.75108987  004.77562725  50.75098422  004.77555124 102
112  50.74995777  004.77482022  50.74973650  004.77457774 102
112  50.74891201  004.77371774  50.74882375  004.77362709
112  50.74707562  004.77160528  50.74676565  004.77124362 102
112  50.74654402  004.77073510  50.74640632  004.77045211 102
112  50.74612463  004.76985451  50.74598438  004.76957670 102
112  50.74577986  004.76908468  50.74573944  004.76899279
112  50.74565296  004.76878860  50.74561254  004.76869672 102
112  50.74532433  004.76796358  50.74521622  004.76768860 102
112  50.74470824  004.76648253  50.74455233  004.76616071 102
111  50.74410799  004.76513880
111  50.74442945  004.76443197
111  50.74428873  004.76426500
111  50.74405910  004.76471692
111  50.74394144  004.76468196 102
112  50.74378042  004.76435261  50.74370694  004.76418372 102
112  50.74389500  004.76363708  50.74405309  004.76343300 102
112  50.74564986  004.76126233  50.74583245  004.76102026
111  50.74588490  004.76134396
111  50.74589767  004.76182156
111  50.74607524  004.76181666
111  50.74605901  004.76076302 102
112  50.74654285  004.76008290  50.74669792  004.75988909 102
111  50.74700785  004.76027608
111  50.74723860  004.76056869
113  50.74741409  004.76020754
111  50.74388188  004.76497376
111  50.74358149  004.76541220
111  50.74315304  004.76522487
111  50.74310965  004.76549278
111  50.74331321  004.76559262
112  50.74336021  004.76581494  50.74331847  004.76584893
111  50.74296250  004.76621359
111  50.74320240  004.76676331
111  50.74274967  004.76730966 102
112  50.74225581  004.76638619  50.74215387  004.76620025 102
112  50.74226431  004.76584689  50.74238931  004.76566699 102
112  50.74340482  004.76425620  50.74345187  004.76420098 102
114  50.74360299  004.76430459  50.74364296  004.76438732 102
112  50.74460067  004.76662006  50.74471193  004.76686573 102
112  50.74518055  004.76785656  50.74525107  004.76803729 102
111  50.74552102  004.76878911
111  50.74537096  004.76897508
111  50.74499629  004.76936886
111  50.74485174  004.76902423
111  50.74470143  004.76918662
111  50.74484683  004.76953606
112  50.74429155  004.77018826  50.74425531  004.77022633
112  50.74419149  004.77019691  50.74417586  004.77017037
111  50.74419149  004.77019691
112  50.74419149  004.77019691  50.74418140  004.77017977 102
111  50.74390274  004.76959956 31
111  50.74441295  004.76897810
111  50.74438981  004.76893372
111  50.74387642  004.76955289 102
111  50.74380151  004.76939229
111  50.74394362  004.76921854
111  50.74396645  004.76923542
111  50.74417296  004.76895558
111  50.74405681  004.76873921
111  50.74383737  004.76901769
111  50.74376283  004.76886623
111  50.74360499  004.76904103 102
111  50.74304309  004.76790941
111  50.74310532  004.76769745
111  50.74333517  004.76766518
111  50.74332121  004.76737767
111  50.74301356  004.76742249
111  50.74336694  004.76696347
111  50.74384494  004.76644946
111  50.74385870  004.76630720
111  50.74403338  004.76677115
111  50.74419078  004.76661879
111  50.74402670  004.76617457
111  50.74404121  004.76597796
113  50.74427586  004.76593244 102
112  50.76321549  004.78084769  50.76349661  004.78120022 102
112  50.76299406  004.78177928  50.76277739  004.78174226 102
112  50.76127769  004.78119884  50.76116887  004.78115390 102
112  50.76089819  004.78086040  50.76084438  004.78078749 102
112  50.75797175  004.77753595  50.75771041  004.77725649 102
112  50.75782869  004.77692036  50.75790391  004.77687315 102
112  50.75873041  004.77628159  50.75883674  004.77620057 102
112  50.75918043  004.77590614  50.75926337  004.77586015 102
114  50.75942009  004.77602649  50.75946946  004.77609045
111  50.75761764  004.77922006
111  50.75752580  004.77906313
112  50.75761991  004.77892024  50.75763696  004.77889913
112  50.75774255  004.77881923  50.75778001  004.77888342
112  50.75773455  004.77905723  50.75772034  004.77914163
111  50.75773455  004.77905723
114  50.75773455  004.77905723  50.75769959  004.77911540
111  50.75906946  004.78104189
111  50.75902763  004.78111177
111  50.75883710  004.78079929
113  50.75888166  004.78072928
112  50.74691847  004.77165033  50.74708689  004.77184351
112  50.74748446  004.77233020  50.74753607  004.77241606
111  50.74748446  004.77233020
112  50.74748446  004.77233020  50.74751297  004.77237762
112  50.74646099  004.77237909  50.74597939  004.77235879
111  50.74646099  004.77237909
112  50.74646099  004.77237909  50.74604008  004.77231632
112  50.74514000  004.77190364  50.74489755  004.77172717
111  50.74468908  004.77117787
111  50.74536907  004.77030430
111  50.74536130  004.77012482
113  50.74585397  004.76956695
130 Airport Boundary
111  50.76877385  004.77697705
111  50.77030832  004.77538952
111  50.76815437  004.77061752
111  50.76795346  004.77054751
111  50.76654730  004.77152714
111  50.76593546  004.76908852
111  50.76591060  004.76764074
111  50.76501206  004.76461577
111  50.76438019  004.76491216
111  50.76368251  004.76486693
111  50.76306900  004.76447275
111  50.76267596  004.76370424
111  50.76150274  004.76231111
111  50.76131168  004.76063003
111  50.76049896  004.75886589
111  50.75918975  004.75772073
111  50.75783456  004.75587941
111  50.75570767  004.75460598
111  50.75301252  004.74988954
111  50.75007631  004.75347479
111  50.74816885  004.75107468
111  50.74715952  004.75293154
111  50.74389867  004.74890734
111  50.74349054  004.74960200
111  50.74675923  004.75376977
111  50.74403995  004.75896445
111  50.74498301  004.76014410
111  50.74181851  004.76431129
111  50.74144421  004.76703299
111  50.74442912  004.77281227
111  50.74693401  004.77582708
111  50.75031160  004.77717197
111  50.75067138  004.77959980
111  50.75027019  004.78052465
111  50.75114553  004.78240960
111  50.75240356  004.78390192
111  50.75320089  004.78454907
111  50.75408177  004.78342908
111  50.75427240  004.78341603
111  50.75484891  004.78393305
111  50.75685066  004.78042475
111  50.75698075  004.78035711
111  50.75707975  004.78035406
111  50.75740612  004.78075034
111  50.75793785  004.78047070
111  50.75806547  004.78032850
111  50.75855285  004.78125690
111  50.75971485  004.78206450
111  50.76054569  004.78130498
111  50.76107175  004.78174694
111  50.76242153  004.78270661
111  50.76259314  004.78295221
111  50.76346664  004.78334549
111  50.76464353  004.78470770
111  50.76494814  004.78431362
111  50.76613869  004.78687940
111  50.76641206  004.78672562
111  50.76543595  004.78414542
111  50.76560162  004.78384704
111  50.76575455  004.78423559
111  50.76752198  004.78254393
111  50.76772783  004.78306320
111  50.76940510  004.78169181
111  50.76918656  004.78101892
111  50.76931341  004.78074174
111  50.76861434  004.77984335
113  50.76948287  004.77810384
120 Linear Feature 16
111  50.76859052  004.77408276 51
112  50.76881587  004.77436009  50.76885519  004.77441631 51
116  50.76879683  004.77464333  50.76872884  004.77474064
120 Linear Feature 12
112  50.76790255  004.77393544  50.76796107  004.77380114 51
112  50.76814195  004.77378195  50.76827069  004.77387526 51
112  50.76859052  004.77408276  50.76866723  004.77413515 51
112  50.76866898  004.77445376  50.76864385  004.77455108 51
112  50.76856813  004.77479167  50.76852027  004.77488085 51
112  50.76838427  004.77500121  50.76832815  004.77503856 51
112  50.76733670  004.77594771  50.76720105  004.77605210 51
116  50.76678726  004.77650871  50.76668687  004.77672612
120 Linear Feature 12
111  50.76338168  004.78164349 51
112  50.76589169  004.77817766  50.76600586  004.77801401 51
116  50.76588892  004.77738105  50.76575688  004.77721099
120 Linear Feature 20
111  50.76345865  004.76573946 51
112  50.76338883  004.76607456  50.76337658  004.76612939 51
116  50.76336321  004.76635942  50.76338745  004.76641970
120 Linear Feature 19
111  50.74597365  004.76140116 51
112  50.74595306  004.76088006  50.74595079  004.76081467 51
116  50.74600799  004.76068106  50.74604429  004.76062955
120 Linear Feature 18
111  50.74501881  004.76114538 51
112  50.74538682  004.76129152  50.74541249  004.76129882 51
116  50.74559023  004.76123725  50.74566016  004.76113669
120 Linear Feature 18
111  50.74397472  004.76269936 51
112  50.74422759  004.76283458  50.74425326  004.76284189 51
116  50.74438305  004.76285310  50.74441174  004.76282425
120 Linear Feature 18
111  50.74282441  004.76442994 51
112  50.74296496  004.76447495  50.74299063  004.76448226 51
116  50.74314942  004.76447805  50.74319120  004.76442850
120 Linear Feature 17
112  50.74228650  004.76688515  50.74235967  004.76687378 51
116  50.74247454  004.76694036  50.74251754  004.76700595
120 Linear Feature 16
111  50.74213088  004.76690502 51
112  50.74228650  004.76688515  50.74235063  004.76687711 51
116  50.74229738  004.76657803  50.74224825  004.76645807
120 Linear Feature 15
111  50.74279199  004.76843016 51
112  50.74284504  004.76790419  50.74281851  004.76769954 51
116  50.74276363  004.76749253  50.74271978  004.76739570
120 Linear Feature 14
111  50.74307720  004.76753397 51
112  50.74287652  004.76756681  50.74285221  004.76756821 51
116  50.74276363  004.76749253  50.74274487  004.76745757
120 Linear Feature 13
112  50.74375846  004.76926198  50.74373666  004.76928944 51
116  50.74375355  004.76942916  50.74377233  004.76947011
120 Linear Feature 12
111  50.74388466  004.76911789 51
112  50.74375585  004.76927025  50.74373807  004.76929146 51
116  50.74362696  004.76918225  50.74360243  004.76913772
120 Linear Feature 11
112  50.74407752  004.76490024  50.74405804  004.76493987 51
116  50.74394299  004.76491205  50.74391702  004.76485789
120 Linear Feature 10
111  50.74419531  004.76466080 51
112  50.74407752  004.76490024  50.74405507  004.76494908 51
116  50.74404972  004.76515845  50.74407990  004.76522413
120 Linear Feature 3
112  50.74502019  004.76964737  50.74504320  004.76969443 51
112  50.74510567  004.76967914  50.74512733  004.76965347 51
112  50.74560714  004.76909245  50.74562986  004.76906687 51
116  50.74565518  004.76891456  50.74563775  004.76886796
120 Linear Feature 9
112  50.74408438  004.76536464  50.74410795  004.76533502 51
116  50.74416258  004.76538938  50.74418320  004.76543043
120 Linear Feature 8
111  50.74396507  004.76629847 51
112  50.74382040  004.76586255  50.74378225  004.76575011 51
116  50.74386545  004.76561510  50.74390436  004.76557114
120 Linear Feature 7
111  50.74341000  004.76548832 51
112  50.74377198  004.76562341  50.74380205  004.76563453 51
112  50.74386505  004.76561535  50.74389219  004.76558333 51
112  50.74408438  004.76536464  50.74411194  004.76532994 51
116  50.74408852  004.76522109  50.74406851  004.76517718
120 Linear Feature 6
112  50.74577586  004.76947460  50.74580023  004.76944540 51
116  50.74582014  004.76932215  50.74580809  004.76929252
120 Linear Feature 5
112  50.74560706  004.76909260  50.74564484  004.76905261 51
116  50.74573067  004.76911103  50.74574457  004.76914257
120 Linear Feature 4
112  50.74510586  004.76967899  50.74508091  004.76970997 51
116  50.74509169  004.76980698  50.74510983  004.76984910
120 Linear Feature 2
111  50.74558982  004.76970276 51
112  50.74530128  004.77004585  50.74527745  004.77007173 51
112  50.74520153  004.77005259  50.74517509  004.76999374 51
115  50.74490860  004.76940028
120 Linear Feature 1
111  50.74563215  004.76987066 51
111  50.74559705  004.76980477 51
112  50.74558982  004.76970276  50.74561321  004.76967384 51
112  50.74577584  004.76947464  50.74579112  004.76945708 51
116  50.74588567  004.76947278  50.74590164  004.76950681
120 Linear Feature 23
111  50.75114357  004.76551785 21
115  50.75126031  004.76527059
120 Linear Feature 22
111  50.76637862  004.77732340 51
115  50.76589169  004.77817766
120 Linear Feature 21
112  50.76718284  004.77431061  50.76710837  004.77439150 51
116  50.76687475  004.77415025  50.76682724  004.77397096
120 Linear Feature 20
111  50.76729878  004.77415384 51
112  50.76712822  004.77437492  50.76706744  004.77444074 51
116  50.76703099  004.77467804  50.76705596  004.77476558
120 Linear Feature 19
112  50.76685145  004.77322094  50.76683649  004.77347046 51
116  50.76661625  004.77332332  50.76655343  004.77311336
120 Linear Feature 18
112  50.76682329  004.77398496  50.76679005  004.77387892 51
112  50.76684680  004.77330194  50.76685085  004.77321238 51
112  50.76692466  004.77222404  50.76694247  004.77208089 51
115  50.76702755  004.77209724
120 Linear Feature 17
111  50.76828065  004.77692257 51
112  50.76808335  004.77664473  50.76807297  004.77656846 51
112  50.76807105  004.77637822  50.76805128  004.77632295 51
112  50.76794202  004.77618242  50.76788130  004.77611037 51
112  50.76758468  004.77594875  50.76751590  004.77593391 51
116  50.76733670  004.77594771  50.76728542  004.77600147
120 Linear Feature 15
112  50.76902441  004.77509502  50.76906782  004.77510995 51
112  50.76907144  004.77522549  50.76905729  004.77527474 51
112  50.76897895  004.77528966  50.76892987  004.77525833 51
112  50.76889186  004.77508845  50.76884561  004.77506159 51
115  50.76859898  004.77490700
120 Linear Feature 14
112  50.76831409  004.77489637  50.76830354  004.77484973 51
112  50.76823896  004.77492144  50.76822672  004.77498967 51
115  50.76820765  004.77515780
120 Linear Feature 13
111  50.76824192  004.77467479 51
115  50.76835414  004.77502823
120 Linear Feature 11
111  50.76902118  004.77431305 51
112  50.76865412  004.77485538  50.76860770  004.77493387 51
115  50.76838427  004.77500121
120 Linear Feature 10
112  50.76782252  004.77268351  50.76782027  004.77261840 51
112  50.76789971  004.77254474  50.76795157  004.77254421 51
112  50.76798308  004.77267041  50.76798455  004.77274792 51
112  50.76792006  004.77289747  50.76792110  004.77297424 51
112  50.76796909  004.77348741  50.76797243  004.77357564 51
116  50.76790255  004.77393544  50.76788698  004.77397259
120 Linear Feature 8
111  50.76863085  004.77307917 51
112  50.76846837  004.77290166  50.76841857  004.77284524 51
116  50.76827950  004.77302448  50.76826243  004.77309402
120 Linear Feature 6
111  50.76822111  004.77165360 51
112  50.76820478  004.77209286  50.76820110  004.77214242 51
116  50.76814033  004.77218284  50.76811115  004.77217857
120 Linear Feature 5
112  50.75936583  004.77534835  50.75930215  004.77545253 51
116  50.75941625  004.77581464  50.75948185  004.77590096
120 Linear Feature 4
112  50.75902433  004.77532735  50.75908829  004.77539886 51
116  50.75936583  004.77534835  50.75945333  004.77523784
120 Linear Feature 3
112  50.75901111  004.77585885  50.75906154  004.77577786 51
116  50.75902433  004.77532735  50.75892789  004.77520181
120 Linear Feature 2
112  50.75941625  004.77581464  50.75935915  004.77575867 51
116  50.75902478  004.77584098  50.75893113  004.77596374
120 Linear Feature 1
111  50.75887820  004.77532113 21
115  50.75900509  004.77508895
120 Linear Feature 27
111  50.76385194  004.78086232 51
115  50.76383627  004.78056107
120 Linear Feature 27
111  50.76371093  004.78103305 51
115  50.76368412  004.78051294
120 Linear Feature 27
111  50.76354449  004.78082593 51
115  50.76351539  004.78034655
120 Linear Feature 27
111  50.76339358  004.78063268 51
115  50.76338201  004.78016925
120 Linear Feature 27
111  50.76324757  004.78044743 51
115  50.76323753  004.77999164
120 Linear Feature 27
111  50.76307585  004.78023257 51
115  50.76306272  004.77977637
120 Linear Feature 27
111  50.76286528  004.77996618 51
115  50.76286189  004.77951695
120 Linear Feature 27
111  50.76265303  004.77970032 51
115  50.76264881  004.77924978
120 Linear Feature 27
111  50.76242498  004.77940845 51
115  50.76242407  004.77896316
120 Linear Feature 27
111  50.76220951  004.77912947 51
115  50.76220599  004.77869426
120 Linear Feature 27
111  50.76199069  004.77885315 51
115  50.76198333  004.77860699
120 Linear Feature 25
111  50.76180470  004.77862035 51
111  50.76373184  004.78106052 51
115  50.76381894  004.78104176
120 Linear Feature 24
112  50.75721867  004.77696101  50.75737575  004.77696402 51
112  50.75759791  004.77718861  50.75770852  004.77731589 51
111  50.75808138  004.77776451 51
112  50.76087954  004.78096376  50.76095655  004.78105014 51
112  50.76129603  004.78128886  50.76148457  004.78135539 51
112  50.76305144  004.78188801  50.76318489  004.78192692 51
112  50.76338170  004.78164342  50.76349146  004.78149193 51
112  50.76355802  004.78104933  50.76344547  004.78090786 51
115  50.76334886  004.78079634
120 Linear Feature 23
112  50.74882665  004.77338907  50.74878958  004.77350072 51
116  50.74893413  004.77380923  50.74904315  004.77392862
120 Linear Feature 22
112  50.74849688  004.77333348  50.74861843  004.77346343 51
112  50.74991086  004.77492011  50.75003697  004.77503119 51
112  50.75103158  004.77567133  50.75113190  004.77573678 51
112  50.75207191  004.77629553  50.75224529  004.77638768 51
112  50.75334019  004.77668820  50.75361385  004.77670855 51
112  50.75689388  004.77697116  50.75700823  004.77697116 51
112  50.75754007  004.77692021  50.75767315  004.77689086 51
112  50.75800102  004.77671844  50.75808783  004.77666989 51
112  50.75893641  004.77595204  50.75905128  004.77580124 51
112  50.75936583  004.77534835  50.75946137  004.77521538 51
112  50.75973969  004.77465031  50.75982297  004.77442013 51
112  50.75991552  004.77412662  50.75996074  004.77398737 51
112  50.76056740  004.77207368  50.76061245  004.77194798 51
112  50.76076688  004.77143192  50.76082013  004.77128521 51
116  50.76072537  004.77083539  50.76060022  004.77066504
120 Linear Feature 21
112  50.74382066  004.76359909  50.74369444  004.76376011 51
112  50.74220322  004.76575070  50.74201817  004.76600480 51
112  50.74229738  004.76657803  50.74239361  004.76676768 51
112  50.74412918  004.77017285  50.74425158  004.77041505 51
112  50.74485636  004.77168572  50.74497182  004.77189300 51
112  50.74517168  004.77202868  50.74533792  004.77211408 51
112  50.74633414  004.77242650  50.74653656  004.77247014 51
112  50.74712871  004.77246135  50.74732501  004.77246056 51
116  50.74781798  004.77256107  50.74799305  004.77274541
120 Linear Feature 20
111  50.75085802  004.76519135 20 102
112  50.75085316  004.76542071  50.75082676  004.76551805 20 102
112  50.74879974  004.77328547  50.74878633  004.77332561 20 102
112  50.74872288  004.77340238  50.74868607  004.77340545 20 102
112  50.74859679  004.77335094  50.74857454  004.77332503 20 102
115  50.74825853  004.77295581
120 Linear Feature 18
112  50.74700349  004.76007522  50.74691390  004.75993696 51
112  50.74656815  004.75992843  50.74643021  004.76010964 51
112  50.74382066  004.76359909  50.74369092  004.76376188 51
112  50.74375056  004.76447573  50.74386950  004.76474128 51
112  50.74465967  004.76648426  50.74473880  004.76665063 51
112  50.74528568  004.76793096  50.74537968  004.76816865 51
112  50.74573622  004.76912233  50.74582003  004.76933885 51
112  50.74614930  004.77003931  50.74627340  004.77029658 51
112  50.74658592  004.77098135  50.74670900  004.77125870 51
112  50.74702232  004.77167108  50.74717265  004.77185362 51
112  50.74781461  004.77255741  50.74794478  004.77270826 51
112  50.74849688  004.77333348  50.74857838  004.77342621 51
112  50.74882665  004.77338907  50.74888918  004.77319416 51
112  50.75089876  004.76542117  50.75097275  004.76514356 51
116  50.75112454  004.76532027  50.75121347  004.76542067
120 Linear Feature 17
111  50.74713056  004.76003658 24
112  50.74704308  004.75991865  50.74698751  004.75982942 24
112  50.74707368  004.75936497  50.74717563  004.75921662 24
115  50.74720059  004.75918096
120 Linear Feature 1
111  50.74708751  004.75922487 51
115  50.74656815  004.75992843
120 Linear Feature 18
112  50.76097554  004.77068814  50.76090643  004.77085072 51
116  50.76110928  004.77131847  50.76131062  004.77152790
120 Linear Feature 17
112  50.76072537  004.77083539  50.76079115  004.77090690 51
112  50.76095242  004.77073768  50.76101380  004.77061016 51
112  50.76113287  004.77022238  50.76117414  004.77008719 51
112  50.76139875  004.76971379  50.76147898  004.76959327 51
112  50.76333587  004.76666381  50.76338423  004.76658429 51
112  50.76336321  004.76635942  50.76331269  004.76627220 51
112  50.76241897  004.76471162  50.76233678  004.76456753 51
112  50.76215255  004.76427850  50.76205614  004.76416713 51
112  50.76171496  004.76386709  50.76160439  004.76375198 51
112  50.76096486  004.76288279  50.76087317  004.76273253 51
112  50.76018113  004.76156063  50.76008795  004.76140953 51
112  50.75979172  004.76087585  50.75968226  004.76065548 51
112  50.75893854  004.75864989  50.75887345  004.75847202 51
112  50.75871639  004.75810932  50.75865897  004.75800710 51
112  50.75805459  004.75713979  50.75796136  004.75699812 51
112  50.75760418  004.75649010  50.75748435  004.75631671 51
112  50.75660579  004.75586215  50.75645130  004.75576427 51
112  50.75549959  004.75515020  50.75525630  004.75500905 51
112  50.75445045  004.75429116  50.75433842  004.75423131 51
112  50.75370440  004.75357346  50.75363117  004.75349831 51
112  50.75312025  004.75296404  50.75303660  004.75288069 51
112  50.75242385  004.75290578  50.75222667  004.75307676 51
112  50.75166464  004.75358856  50.75152874  004.75370315 51
112  50.75088281  004.75428617  50.75060437  004.75458738 51
112  50.75012567  004.75512477  50.75000505  004.75526997 51
112  50.74965944  004.75577433  50.74956834  004.75591265 51
116  50.74956164  004.75660032  50.74977074  004.75692383
120 Linear Feature 20
112  50.75808138  004.77776451  50.75800640  004.77764915 51
116  50.75778073  004.77816804  50.75781231  004.77862764
120 Linear Feature 21
111  50.75821487  004.77932689 51
112  50.75830628  004.77937278  50.75835765  004.77933956 51
115  50.75840656  004.77929239
120 Linear Feature 21
111  50.75814917  004.77920117 51
112  50.75822772  004.77920928  50.75827335  004.77917784 51
115  50.75832069  004.77914287
120 Linear Feature 21
111  50.75807436  004.77905219 51
112  50.75812426  004.77906806  50.75814901  004.77906138 51
115  50.75823397  004.77899148
120 Linear Feature 21
111  50.75798912  004.77888829 51
112  50.75805412  004.77891419  50.75808801  004.77888069 51
115  50.75815473  004.77883012
120 Linear Feature 21
111  50.75789433  004.77870197 51
112  50.75798425  004.77875377  50.75801890  004.77872592 51
115  50.75807656  004.77868322
120 Linear Feature 19
112  50.75752704  004.77711028  50.75757184  004.77717137 51
112  50.75768363  004.77741920  50.75769668  004.77756456 51
112  50.75780775  004.77838554  50.75781555  004.77847743 51
112  50.75785189  004.77861601  50.75787688  004.77866729 51
112  50.75831038  004.77950855  50.75833398  004.77954584 51
112  50.75839617  004.77951853  50.75841505  004.77951336 51
115  50.75846373  004.77947227
120 Linear Feature 24
112  50.76333587  004.76666381  50.76338009  004.76659695 51
116  50.76351166  004.76663089  50.76356926  004.76671749
120 Linear Feature 23
111  50.76336321  004.76635942 51
111  50.76465229  004.76860362 51
112  50.76553521  004.77015780  50.76571682  004.77050062 51
112  50.76599052  004.77140616  50.76603679  004.77156892
111  50.76599052  004.77140616
112  50.76599052  004.77140616  50.76601524  004.77149311 51
112  50.76662017  004.77333571  50.76696591  004.77442817
111  50.76662017  004.77333571
112  50.76662017  004.77333571  50.76690148  004.77423892 51
112  50.76712317  004.77504364  50.76723378  004.77552173 51
112  50.76693353  004.77620779  50.76684350  004.77639144 51
112  50.76638046  004.77732025  50.76628134  004.77749091 51
116  50.76588892  004.77738105  50.76576386  004.77722342
120 Linear Feature 31
111  50.76115425  004.76315752 51
115  50.76071287  004.76316109
120 Linear Feature 30
111  50.76196783  004.76882217 51
112  50.76196120  004.76863426  50.76192209  004.76857077
111  50.76196120  004.76863426
112  50.76196120  004.76863426  50.76170360  004.76821616 51
112  50.76064343  004.76652903  50.76055134  004.76628124 51
112  50.75973704  004.76069101  50.75973691  004.76054574
111  50.75973704  004.76069101
112  50.75973704  004.76069101  50.75974705  004.76028348 51
112  50.75984323  004.75981194  50.75983614  004.75979044
111  50.75984323  004.75981194
112  50.75984323  004.75981194  50.75981850  004.75973704 51
112  50.75969355  004.75962958  50.75962126  004.75969858
111  50.75969355  004.75962958
112  50.75969355  004.75962958  50.75960956  004.75970512 51
112  50.75949374  004.75981710  50.75943871  004.75986976 51
115  50.75946043  004.76004674
120 Linear Feature 30
112  50.75935345  004.75976128  50.75934173  004.75973700 51
112  50.75940321  004.75954430  50.75946258  004.75948020 51
112  50.75959660  004.75937066  50.75964149  004.75932488 51
112  50.75972587  004.75949332  50.75973166  004.75958946 51
115  50.75969355  004.75962958
120 Linear Feature 30
112  50.75949374  004.75981710  50.75946781  004.75985011 51
116  50.75935345  004.75976128  50.75932482  004.75968461
120 Linear Feature 30
112  50.75940321  004.75954430  50.75937728  004.75957731 51
116  50.75924635  004.75947651  50.75921772  004.75939984
120 Linear Feature 30
111  50.76061353  004.76165983 51
115  50.76035082  004.76185144
120 Linear Feature 26
111  50.75982613  004.76137545 51
115  50.75962268  004.76155924
120 Linear Feature 33
111  50.76266330  004.76706855 51
115  50.76274135  004.76749124
120 Linear Feature 32
111  50.76154618  004.76405830 51
115  50.76154821  004.76437654
120 Linear Feature 34
112  50.76693353  004.77620779  50.76730817  004.77532494 51
112  50.76827950  004.77302448  50.76842914  004.77270395 51
112  50.76819826  004.77219290  50.76799595  004.77215708 51
112  50.76656606  004.77206636  50.76648766  004.77205435 51
112  50.76632178  004.77212283  50.76628670  004.77214476 51
116  50.76629214  004.77233082  50.76630871  004.77240015
120 Linear Feature 15
112  50.76110928  004.77131847  50.76102257  004.77121252 51
116  50.76076685  004.77143211  50.76069421  004.77163914
120 Linear Feature 16
112  50.74955669  004.75660495  50.74941554  004.75643624 51
112  50.74909447  004.75647521  50.74897452  004.75663186 51
112  50.74708751  004.75922487  50.74690503  004.75944415 51
112  50.74700349  004.76007522  50.74718799  004.76032683 51
115  50.74718219  004.76027437
120 Hold Runway 22R
111  50.76649996  004.77720399 54
115  50.76639170  004.77705715
120 Hold Runway 22R
111  50.76512411  004.77910357 54
115  50.76533042  004.77948152
120 Hold Runway 04R
111  50.74705554  004.75938589 54
115  50.74697903  004.75924115
120 Hold Runway 04R
111  50.75073000  004.76591566 54
115  50.75081668  004.76597505
120 Hold Runway 04R
111  50.74640370  004.76002459 54
115  50.74647227  004.76014657
120 Hold Runway 22R
111  50.76133977  004.77002926 54
115  50.76121920  004.76985645
120 Hold Runway 22R
111  50.76047610  004.77216179 54
115  50.76058306  004.77225948
120 Hold Runway 04L
111  50.74991065  004.75553180 54
115  50.74983330  004.75539455
120 Hold Runway 22L
111  50.75954181  004.77521687 54
115  50.75944081  004.77507488
120 Hold Runway 22L
111  50.75888593  004.77588517 54
115  50.75895974  004.77605666
120 Hold Runway 22L
111  50.76328878  004.78149022 54
115  50.76341491  004.78169208
120 Hold Runway22L
111  50.74882999  004.75669912 54
115  50.74891786  004.75686264
21  50.75267385  004.75993750 2 39.3300 2.80 04L PAPI-4L
21  50.76144012  004.77904083 2 218.6000 3.20 22L PAPI-4L
21  50.76410035  004.77405172 3 219.3500 2.80 22R PAPI-4R
20  50.76507448  004.77900914 313.4000 0 2 {@L}C1{@R}22L{@@,@L}C1
20  50.75068781  004.76589122 293.4300 0 2 {@L}C2{@R}04R{@@,@L}C2
20  50.76046789  004.77170321 296.6000 0 2 {@L}C2{@R}22L{@@,@L}C2
20  50.75960040  004.77530283 125.2600 0 2 {@L}C2{@R}STOP{@@,@L}C2
20  50.74879081  004.75660549 316.7700 0 2 {@L}C3{@R}04L{@@,@L}C3
20  50.76131973  004.77045865 125.2600 0 2 {@L}N2{@R}R22R{@@,@L}N2
20  50.76662894  004.77734236 125.2600 0 2 {@L}N3{@R}R22R{@@,@L}N3
20  50.76321999  004.78142272 313.4000 0 2 {@L}S1{@R}22L{@@,@L}S1
20  50.75883058  004.77579735 316.3300 0 2 {@L}S2{@R}22L{@@,@L}S2
20  50.74636230  004.75991517 316.7700 0 2 {@L}S3{@R}04R{@@,@L}S3
20  50.74977000  004.75530897 138.6600 0 2 {@R}04L{@L}N1{@@}N1
20  50.74694220  004.75916097 138.6600 0 2 {@R}04R{@L}S4{@@}S4
14  50.75573765  004.76815144  45.93 0 ATC Tower
15  50.74550192  004.76960291 231.02 Abris Mil 1
15  50.76816230  004.77674781 228.32 Abris Mil 2
15  50.76820846  004.77204330  95.58 Abris Mil 3
15  50.75073926  004.76607546 292.72 Hold Short Start 04R
15  50.75876165  004.77611501 327.74 Hold Short Start 22L
15  50.74882520  004.75683332 320.75 Hold Start 04L
15  50.76649562  004.77705382 128.19 Hold Start R22L
15  50.75837613  004.77952887 163.43 PArking Ecole
15  50.74523620  004.76991996 230.84 Ramp Start 1
18  50.75687899  004.76876542 1 BCN
19  50.75959092  004.77755768 1 WS
19  50.76538237  004.77780270 1 WS
19  50.74910533  004.75875212 1 WS
19  50.76291807  004.78114526 1 WS
1053 130375 GND
1054 122100 TWR
1054 130725 TWR
1055 122500 APP
1055 122825 APP
1055 123300 GCA
99
