I
1130 Generated by WorldEditor 2.3.0r2

1    561 0 0 EBCI Brussels South Charleroi
1302 city Brussels
1302 country Belgium
1302 datum_lat 50.46
1302 datum_lon 4.452777778
1302 faa_code 
1302 gui_label 3D
1302 iata_code CRL
1302 icao_code EBCI
1302 region_code EB
1302 state Hainaut
1302 transition_alt 4500
1302 transition_level 
100 45.11 1 0 0.00 1 2 0 06  50.45517778  004.43672497  447    0 5 7 0 0 24  50.46467083  004.46946643    0    0 5 1 1 1
110 2 0.00 65.5500 South Concrete Apron Taxiway
111  50.46056021  004.46107066
112  50.46056021  004.46107066  50.46028085  004.46006609
112  50.46010481  004.45842395  50.45984126  004.45752150
111  50.46010481  004.45842395
111  50.46033858  004.45824750
111  50.45961530  004.45574666
112  50.45961530  004.45574666  50.45957273  004.45560477
112  50.45973873  004.45520226  50.45984464  004.45511419
111  50.45973873  004.45520226
111  50.46005420  004.45496419
112  50.46005420  004.45496419  50.46013986  004.45490982
111  50.46029231  004.45511358
111  50.46030030  004.45502871
111  50.46009282  004.45432008
111  50.46004683  004.45427873
112  50.45997797  004.45465653  50.45988106  004.45473128
111  50.45997797  004.45465653
111  50.45965004  004.45489354
112  50.45965004  004.45489354  50.45954413  004.45496530
112  50.45929153  004.45462718  50.45925103  004.45448855
111  50.45929153  004.45462718
111  50.45713146  004.44715847
112  50.45713146  004.44715847  50.45710530  004.44702539
112  50.45721832  004.44659175  50.45735040  004.44640779
112  50.45755558  004.44635985  50.45763790  004.44632210
112  50.45780554  004.44654811  50.45783258  004.44663022
111  50.45780554  004.44654811
111  50.45782180  004.44646438
111  50.45761006  004.44574848
111  50.45756891  004.44572531
112  50.45756891  004.44572531  50.45759595  004.44586688
111  50.45747059  004.44600179
111  50.45712046  004.44625338
112  50.45712046  004.44625338  50.45704042  004.44630434
112  50.45685346  004.44619724  50.45681525  004.44607606
111  50.45685346  004.44619724
111  50.45479675  004.43908591
111  50.45464173  004.43815936
112  50.45464173  004.43815936  50.45462450  004.43807478
112  50.45463153  004.43789648  50.45464106  004.43781144
111  50.45463153  004.43789648
112  50.45463153  004.43789648  50.45464184  004.43780445
112  50.45470118  004.43767082  50.45473615  004.43761956
111  50.45470118  004.43767082
111  50.45488288  004.43741880
112  50.45488288  004.43741880  50.45492624  004.43736949
112  50.45502067  004.43735117  50.45504735  004.43739421
111  50.45502067  004.43735117
111  50.45523813  004.43768256
111  50.45524669  004.43759500
111  50.45503276  004.43689119
111  50.45499484  004.43686085
111  50.45451470  004.43722269
112  50.45451470  004.43722269  50.45436748  004.43734487
112  50.45427998  004.43780645  50.45426518  004.43804239
111  50.45427998  004.43780645
112  50.45427998  004.43780645  50.45426832  004.43799225
112  50.45434461  004.43833756  50.45439665  004.43849067
111  50.45434461  004.43833756
111  50.45668096  004.44637766
111  50.45686229  004.44700046
111  50.45768154  004.44981937
111  50.45787567  004.45048732
111  50.45823088  004.45170956
112  50.45824893  004.45268845  50.45807617  004.45286593
111  50.45824893  004.45268845
111  50.45805581  004.45282006
111  50.45806582  004.45286870
111  50.45796330  004.45293736
111  50.45854982  004.45511702
111  50.45839771  004.45522335
111  50.45937905  004.45868668
111  50.45913586  004.45887360
111  50.45961524  004.46056213
111  50.45982845  004.46131057
111  50.45970358  004.46139512
111  50.46120426  004.46651541
113  50.46195877  004.46595306
110 2 0.00 65.5500 North Concrete Apron
111  50.46578930  004.46489056
112  50.46578930  004.46489056  50.46583629  004.46506891
112  50.46572162  004.46527738  50.46567587  004.46531864
111  50.46572162  004.46527738
111  50.46585800  004.46574896
112  50.46585800  004.46574896  50.46590176  004.46572174
112  50.46606964  004.46586530  50.46612510  004.46597801
111  50.46606964  004.46586530
111  50.46648743  004.46726568
112  50.46648743  004.46726568  50.46656567  004.46757283
111  50.46638516  004.46770383
111  50.46653070  004.46819729
112  50.46653070  004.46819729  50.46665004  004.46813134
112  50.46678326  004.46834848  50.46682596  004.46847307
111  50.46678326  004.46834848
111  50.46810646  004.47288117
112  50.46810646  004.47288117  50.46816060  004.47314976
111  50.46800586  004.47324598
111  50.46814213  004.47373211
112  50.46814213  004.47373211  50.46830114  004.47362735
111  50.46840410  004.47386487
111  50.46922176  004.47667520
111  50.46950104  004.47647931
111  50.46972699  004.47725486
111  50.47068247  004.47660642
111  50.46682811  004.46337046
111  50.46674243  004.46343464
111  50.46677917  004.46355669
111  50.46624578  004.46395425
111  50.46606675  004.46330536
113  50.46546789  004.46378071
110 1 0.00 0.0000 Runway Turning Circle
111  50.45579248  004.43807695
111  50.45581355  004.43674320
112  50.45581355  004.43674320  50.45579839  004.43655105
112  50.45536348  004.43659568  50.45519703  004.43670668
111  50.45536348  004.43659568
111  50.45534116  004.43667163
113  50.45575393  004.43808518
110 1 0.00 65.5500 North Asphalt Taxiway
111  50.46488822  004.46945073
111  50.46541476  004.46907638
112  50.46541476  004.46907638  50.46568318  004.46893742
112  50.46606842  004.46896247  50.46617937  004.46919179
111  50.46606842  004.46896247
111  50.46638289  004.46981518
111  50.46720197  004.47261255
111  50.46734050  004.47340136
112  50.46734050  004.47340136  50.46735473  004.47358255
112  50.46722541  004.47363963  50.46714793  004.47369486
111  50.46722541  004.47363963
111  50.46744812  004.47434647
112  50.46744812  004.47434647  50.46755808  004.47427550
112  50.46767722  004.47450254  50.46772324  004.47466323
111  50.46767722  004.47450254
111  50.46813535  004.47419312
112  50.46813535  004.47419312  50.46809460  004.47405606
112  50.46817897  004.47386159  50.46825480  004.47380310
112  50.46834679  004.47398768  50.46837800  004.47408880
111  50.46834679  004.47398768
111  50.46916097  004.47680674
111  50.46943773  004.47661034
111  50.46951053  004.47672022
111  50.46968813  004.47728396
111  50.46972346  004.47725814
111  50.46949752  004.47648258
111  50.46921823  004.47667848
111  50.46839629  004.47387255
112  50.46814213  004.47373211  50.46798311  004.47383687
111  50.46814213  004.47373211
111  50.46800586  004.47324598
112  50.46800586  004.47324598  50.46813925  004.47315366
112  50.46811255  004.47287166  50.46809110  004.47279302
111  50.46811255  004.47287166
111  50.46678326  004.46834848
112  50.46678326  004.46834848  50.46674055  004.46822389
112  50.46652718  004.46820057  50.46640784  004.46826651
111  50.46652718  004.46820057
111  50.46638163  004.46770710
112  50.46648390  004.46726896  50.46640567  004.46696181
111  50.46648390  004.46726896
111  50.46606964  004.46586530
112  50.46606964  004.46586530  50.46601419  004.46575258
112  50.46585800  004.46574896  50.46581425  004.46577618
111  50.46585800  004.46574896
111  50.46572162  004.46527738
112  50.46572162  004.46527738  50.46576737  004.46523612
112  50.46578577  004.46489384  50.46573878  004.46471549
111  50.46578577  004.46489384
111  50.46546436  004.46378398
111  50.46533246  004.46387808
111  50.46563888  004.46499499
111  50.46569770  004.46501078
112  50.46569770  004.46501078  50.46570106  004.46507673
112  50.46564003  004.46514986  50.46561510  004.46517045
111  50.46564003  004.46514986
112  50.46564003  004.46514986  50.46548873  004.46527484
111  50.46533299  004.46471679
111  50.46393694  004.45998156
111  50.46385761  004.46004252
111  50.45940552  004.44474593
112  50.45940552  004.44474593  50.45928105  004.44434984
111  50.45767715  004.44113935
111  50.45707377  004.43993728
112  50.45679804  004.43946573  50.45668418  004.43929851
111  50.45588430  004.43839240
111  50.45588405  004.43839246
111  50.45587277  004.43847378
111  50.45650519  004.44066772
111  50.45655263  004.44070229
112  50.45655263  004.44070229  50.45651174  004.44047671
112  50.45659713  004.44019007  50.45665584  004.44008971
111  50.45659713  004.44019007
112  50.45659713  004.44019007  50.45665845  004.44008525
112  50.45684542  004.44021002  50.45693614  004.44034586
111  50.45684542  004.44021002
111  50.45753922  004.44140693
111  50.45898816  004.44449250
112  50.45898816  004.44449250  50.45907788  004.44467742
111  50.45916963  004.44496343
111  50.45964882  004.44653847
112  50.45964882  004.44653847  50.45973106  004.44691828
112  50.45946308  004.44749919  50.45929861  004.44766114
112  50.45914978  004.44775326  50.45889080  004.44793256
112  50.45855394  004.44761836  50.45837720  004.44745449
111  50.45855394  004.44761836
111  50.45854064  004.44768431
111  50.45891681  004.44898667
111  50.45895517  004.44898984
112  50.45895517  004.44898984  50.45895517  004.44870759
112  50.45929141  004.44819510  50.45957568  004.44800539
111  50.45929141  004.44819510
111  50.45956336  004.44801007
112  50.45956336  004.44801007  50.45978576  004.44786432
112  50.46019086  004.44839120  50.46033667  004.44874517
111  50.46019086  004.44839120
111  50.46060372  004.44957866
111  50.46355457  004.45977150
112  50.46355457  004.45977150  50.46361779  004.45997681
111  50.46361137  004.46019096
111  50.46352017  004.46026865
112  50.46352017  004.46026865  50.46351733  004.46039139
112  50.46339738  004.46067103  50.46331925  004.46076699
111  50.46339738  004.46067103
111  50.46345929  004.46079648
112  50.46329470  004.46094281  50.46317466  004.46102092
111  50.46285469  004.46117817
111  50.46298962  004.46161960
112  50.46357145  004.46122413  50.46375045  004.46118620
111  50.46357145  004.46122413
111  50.46358969  004.46137478
112  50.46358969  004.46137478  50.46372607  004.46131118
112  50.46395783  004.46161281  50.46401039  004.46177237
111  50.46395783  004.46161281
111  50.46417246  004.46217716
111  50.46558569  004.46708989
111  50.46571837  004.46786538
112  50.46571837  004.46786538  50.46572902  004.46796022
112  50.46566386  004.46803543  50.46563782  004.46806518
111  50.46566386  004.46803543
111  50.46533023  004.46836007
111  50.46499463  004.46846549
112  50.46499463  004.46846549  50.46486985  004.46849441
112  50.46461068  004.46813115  50.46452169  004.46788531
111  50.46461068  004.46813115
113  50.46452502  004.46819841
112  50.46580941  004.46604724  50.46581705  004.46598534
111  50.46580941  004.46604724
112  50.46580941  004.46604724  50.46582808  004.46591497
112  50.46592611  004.46597188  50.46594584  004.46602767
111  50.46592611  004.46597188
111  50.46632708  004.46738425
112  50.46632708  004.46738425  50.46634421  004.46744022
111  50.46641912  004.46743287
112  50.46641912  004.46743287  50.46641227  004.46757117
112  50.46622461  004.46755165  50.46617786  004.46743414
111  50.46622461  004.46755165
111  50.46594916  004.46687439
113  50.46581800  004.46620814
111  50.46665597  004.46854700
111  50.46795048  004.47291757
111  50.46801159  004.47286886
112  50.46801159  004.47286886  50.46806135  004.47301723
112  50.46797586  004.47311571  50.46794011  004.47314660
112  50.46781941  004.47303596  50.46777763  004.47293610
111  50.46781941  004.47303596
111  50.46756275  004.47237133
111  50.46665265  004.46931042
111  50.46650628  004.46856672
112  50.46650628  004.46856672  50.46649075  004.46847942
112  50.46656925  004.46833463  50.46661911  004.46829506
112  50.46672045  004.46848927  50.46676482  004.46865319
113  50.46672045  004.46848927
110 2 0.00 65.5500 North Asphalt Taxiway
111  50.46285469  004.46117817
112  50.46285469  004.46117817  50.46269109  004.46123731
112  50.46238827  004.46082811  50.46225473  004.46059268
111  50.46238827  004.46082811
111  50.46237421  004.46091340
111  50.46285392  004.46257701
111  50.46289460  004.46257148
112  50.46289460  004.46257148  50.46282476  004.46225162
112  50.46298962  004.46161960  50.46310150  004.46151546
113  50.46298962  004.46161960
110 1 0.00 0.0000 South Asphalt Taxiway
111  50.46424742  004.46877059
112  50.46424742  004.46877059  50.46426977  004.46885841
112  50.46406880  004.46945780  50.46387757  004.46958721
111  50.46406880  004.46945780
111  50.46384567  004.46962616
112  50.46384567  004.46962616  50.46364561  004.46974262
112  50.46332609  004.46941775  50.46321090  004.46917985
111  50.46332609  004.46941775
111  50.46308763  004.46883486
111  50.46139649  004.46298482
112  50.46139649  004.46298482  50.46135039  004.46281784
112  50.46147698  004.46271330  50.46155790  004.46266312
111  50.46147698  004.46271330
111  50.46225395  004.46213167
112  50.46225395  004.46213167  50.46227278  004.46211780
112  50.46232804  004.46215082  50.46235511  004.46219056
111  50.46232804  004.46215082
111  50.46234441  004.46208233
111  50.46212071  004.46128318
111  50.46207342  004.46127450
112  50.46207342  004.46127450  50.46210814  004.46145196
112  50.46193553  004.46195766  50.46180608  004.46207875
111  50.46193553  004.46195766
111  50.46167033  004.46216878
112  50.46167033  004.46216878  50.46154331  004.46227116
112  50.46117045  004.46198628  50.46105465  004.46173229
111  50.46117045  004.46198628
111  50.46094907  004.46143932
111  50.46076970  004.46079406
112  50.46076970  004.46079406  50.46056589  004.45995508
112  50.46033858  004.45824750  50.46003463  004.45728432
111  50.46033858  004.45824750
111  50.46010481  004.45842395
112  50.46010481  004.45842395  50.46017197  004.45865394
112  50.46024978  004.45908928  50.46028323  004.45930521
111  50.46024978  004.45908928
112  50.46024978  004.45908928  50.46029044  004.45935172
112  50.46034470  004.45987382  50.46037443  004.46013865
111  50.46034470  004.45987382
112  50.46034470  004.45987382  50.46036122  004.46002103
112  50.46040277  004.46032462  50.46042618  004.46047868
111  50.46040277  004.46032462
112  50.46040277  004.46032462  50.46043856  004.46056015
112  50.46056021  004.46107066  50.46063374  004.46133509
111  50.46056021  004.46107066
111  50.46195877  004.46595306
111  50.46201266  004.46591314
111  50.46302725  004.46947287
112  50.46302725  004.46947287  50.46319339  004.47002614
112  50.46394877  004.46997182  50.46434408  004.46968432
111  50.46394877  004.46997182
111  50.46448571  004.46959743
111  50.46450289  004.46954728
113  50.46428092  004.46877540
130 Airport Boundary 1
111  50.46830728  004.46740993
111  50.46781099  004.46571597
111  50.46780028  004.46553648
111  50.46761819  004.46485777
111  50.46705763  004.46350598
111  50.46642191  004.46139234
111  50.46651728  004.46131208
111  50.46638092  004.46096266
111  50.46407988  004.45819436
111  50.46307276  004.45594225
111  50.46185270  004.45173510
111  50.46187738  004.45167695
111  50.45969330  004.44417618
111  50.45981669  004.44408896
111  50.45924291  004.44209269
111  50.45875550  004.44244155
111  50.45780537  004.44057130
111  50.45754624  004.43970886
111  50.45692310  004.43750917
111  50.45668248  004.43767391
111  50.45609636  004.43567773
111  50.45626911  004.43464088
111  50.45472051  004.43386575
111  50.45470200  004.43405955
111  50.45402950  004.43437932
111  50.45332615  004.44013501
111  50.45337551  004.44067763
111  50.45480071  004.44560966
111  50.45721307  004.45399141
111  50.45779920  004.45586163
111  50.45787323  004.45578398
111  50.45944651  004.46111377
111  50.45952055  004.46155955
111  50.46127685  004.46766881
111  50.46123572  004.46771723
111  50.46261300  004.47249597
111  50.46545939  004.48217833
111  50.46585918  004.48277856
111  50.46618791  004.48282043
111  50.46662324  004.48337869
111  50.46908519  004.48419306
111  50.46991582  004.48466059
111  50.47053578  004.48370464
111  50.47048020  004.48362269
111  50.47116317  004.48270883
111  50.47161079  004.48163142
111  50.47200850  004.48070250
111  50.47205437  004.48001684
111  50.47239810  004.47961027
111  50.47362923  004.47823053
111  50.47335778  004.47708179
111  50.47234469  004.47596890
111  50.47164726  004.47356886
111  50.47034595  004.47040184
111  50.46922960  004.46852629
113  50.46856900  004.46811456
120 Runway Hold Line
111  50.46593129  004.46865751 54 104
115  50.46578231  004.46812655
120 Runway Hold Line
111  50.45753922  004.44140693 4 104
115  50.45770575  004.44119726
120 Runway Hold Line
111  50.45996042  004.44804929 4 104
115  50.45966438  004.44703170
120 Runway Hold Line
111  50.46378885  004.46125379 54 104
115  50.46357897  004.46053106
120 Runway Hold Line
111  50.46167033  004.46216878 4 104
115  50.46176705  004.46249791
120 Runway Hold Line
111  50.45958286  004.45490680 4 104
115  50.45968434  004.45526676
120 Runway Hold Line
111  50.45706404  004.44628448 4 104
115  50.45717540  004.44665904
120 Runway Hold Line
111  50.45428070  004.43780869 4 104
115  50.45463101  004.43789216
120 Taxiway Hold Line
111  50.45905710  004.44304585 5 101
115  50.45892813  004.44300596
120 Taxiway Hold Line
111  50.46224748  004.46593336 4
115  50.46206074  004.46606915
120 Taxiway Hold Line
111  50.46585800  004.46574896 2
115  50.46572162  004.46527738
120 Taxiway Hold Line
111  50.46531948  004.46497683 2
115  50.46510944  004.46512218
120 Taxiway Hold Line
111  50.46577505  004.46760975 2
115  50.46605105  004.46741681
120 Taxiway Hold Line
111  50.46612556  004.46885423 2
115  50.46642798  004.46864106
120 Taxiway Hold Line
111  50.46805265  004.47320799 2
115  50.46819709  004.47371083
120 Taxiway Hold Line
111  50.46657684  004.46818056 2
115  50.46643004  004.46766071
120 Taxiway Hold Line
111  50.45812506  004.45059888 2
115  50.45794724  004.45072816
120 Taxiway Hold Line
111  50.45777211  004.44937998 2
115  50.45759358  004.44951073
120 Taxiway Hold Line
111  50.45712148  004.44710416 2
115  50.45693278  004.44723971
120 Taxiway Hold Line
111  50.45677320  004.44592550 2
115  50.45658843  004.44605642
120 Taxiway Hold Line
111  50.45607607  004.44351624 2
115  50.45589106  004.44365456
120 Taxiway Hold Line
111  50.45573408  004.44233171 2
115  50.45554666  004.44246840
120 Taxiway Centreline
112  50.46844667  004.47368298  50.46839073  004.47349525 51 101
116  50.46852116  004.47304958  50.46855264  004.47296905
120 Taxiway Centreline
112  50.46598165  004.46770721  50.46602725  004.46786522 51 101
116  50.46583682  004.46839893  50.46570010  004.46850323
120 Taxiway Centreline
112  50.46625114  004.46863371  50.46613276  004.46837257 51 101
116  50.46583682  004.46839893  50.46569241  004.46847157
120 Taxiway Centreline
111  50.46645818  004.46795641 51 101
111  50.46518034  004.46886639
112  50.46518034  004.46886639  50.46493891  004.46902295 51 101
112  50.46438509  004.46841232  50.46426530  004.46801081
111  50.46438509  004.46841232 51 101
115  50.46411977  004.46749748
120 Taxiway Centreline
111  50.45650032  004.44121766 51 101
112  50.45632975  004.44062877  50.45625307  004.44036149
111  50.45632975  004.44062877
112  50.45632975  004.44062877  50.45618035  004.44009620 51 101
112  50.45655198  004.43980399  50.45661782  004.43977635
111  50.45655198  004.43980399
112  50.45655198  004.43980399  50.45674581  004.43971310 51 101
116  50.45690785  004.43989121  50.45696508  004.43998259
120 Taxiway Centreline
112  50.46807371  004.47348525  50.46820124  004.47340408 51 101
116  50.46844667  004.47368298  50.46848541  004.47380895
120 Taxiway Centreline
112  50.46838046  004.47326151  50.46851638  004.47316274 51 101
116  50.46857502  004.47259458  50.46851789  004.47239199
120 Taxiway Centreline
112  50.46883260  004.47347321  50.46877771  004.47328552 51 101
112  50.46838046  004.47326151  50.46825884  004.47334690
111  50.46838046  004.47326151 51 101
111  50.46807371  004.47348525
112  50.46807371  004.47348525  50.46788478  004.47361264 51 101
112  50.46758647  004.47322379  50.46749690  004.47293141
111  50.46758647  004.47322379 51 101
111  50.45938434  004.44502930
112  50.45938434  004.44502930  50.45933815  004.44487296 51 101
112  50.45911924  004.44432170  50.45898058  004.44402163
111  50.45911924  004.44432170
112  50.45911924  004.44432170  50.45911353  004.44430764 51 101
112  50.45899871  004.44407299  50.45892746  004.44392807
111  50.45899871  004.44407299
112  50.45899871  004.44407299  50.45895260  004.44397920 51 101
112  50.45882839  004.44372781  50.45876187  004.44359333
111  50.45882839  004.44372781
112  50.45882839  004.44372781  50.45830574  004.44267127 51 101
112  50.45696504  004.44000014  50.45669191  004.43946958
111  50.45696504  004.44000014
112  50.45696504  004.44000014  50.45693734  004.43994634 51 101
112  50.45690785  004.43989121  50.45689788  004.43987333
111  50.45690785  004.43989121
112  50.45690785  004.43989121  50.45676785  004.43963990 51 101
112  50.45646502  004.43925075  50.45628614  004.43906006
111  50.45646502  004.43925075 51 101
112  50.45564893  004.43827957  50.45559363  004.43809073
111  50.45564893  004.43827957 51 101
111  50.45551637  004.43782458
112  50.45551637  004.43782458  50.45542543  004.43751349 51 101
112  50.45568501  004.43695831  50.45557411  004.43653263
111  50.45568501  004.43695831
112  50.45568501  004.43695831  50.45559345  004.43656357 51 101
112  50.45518465  004.43727660  50.45528434  004.43792724
111  50.45518465  004.43727660
112  50.45518465  004.43727660  50.45522883  004.43752046 51 101
112  50.45545644  004.43775477  50.45553287  004.43801752
111  50.45545644  004.43775477 51 101
115  50.45565056  004.43842419
120 Taxiway Centreline
112  50.46031265  004.44822171  50.46021857  004.44791022 51 101
116  50.45949443  004.44778468  50.45915217  004.44803337
120 Taxiway Centreline
112  50.45917967  004.44800803  50.45891509  004.44820019 51 101
112  50.45883421  004.44926632  50.45896768  004.44974933
111  50.45883421  004.44926632 51 101
115  50.45913136  004.45029326
120 Taxiway Centreline
112  50.45982171  004.44653444  50.45992351  004.44688946 51 101
112  50.45949443  004.44778468  50.45922328  004.44796729
111  50.45949443  004.44778468 51 101
111  50.45917967  004.44800803
112  50.45917967  004.44800803  50.45879268  004.44822467 51 101
112  50.45833651  004.44755141  50.45823876  004.44722330
111  50.45833651  004.44755141 51 101
115  50.45809786  004.44672775
120 Taxiway Centreline
112  50.46301174  004.46138090  50.46291829  004.46145626 51 101
112  50.46220629  004.46089910  50.46205220  004.46036895
111  50.46220629  004.46089910 51 101
115  50.46196557  004.46006637
120 Taxiway Centreline
112  50.46377020  004.46010869  50.46382574  004.46029433 51 101
116  50.46357687  004.46096414  50.46339121  004.46110243
120 Taxiway Centreline
112  50.46412763  004.46133392  50.46406682  004.46111869 51 101
112  50.46357687  004.46096414  50.46337468  004.46111504
111  50.46357687  004.46096414
112  50.46357687  004.46096414  50.46348245  004.46102942 51 101
111  50.46301174  004.46138090
112  50.46301174  004.46138090  50.46283139  004.46149756 51 101
112  50.46269864  004.46259577  50.46281842  004.46306986
111  50.46269864  004.46259577 51 101
115  50.46294815  004.46345723
120 Taxiway Centreline
111  50.45895742  004.44371466 1
112  50.45893367  004.44385274  50.45894110  004.44394035
111  50.45893367  004.44385274
112  50.45893367  004.44385274  50.45894319  004.44394965 1
115  50.45899870  004.44407298
120 Taxiway Centreline
111  50.45898932  004.44302583 1
112  50.45898493  004.44308978  50.45898618  004.44310028 1
112  50.45904002  004.44342757  50.45904127  004.44344267
111  50.45904002  004.44342757
112  50.45904002  004.44342757  50.45905816  004.44362613 1
111  50.45895742  004.44371466 1
116  50.45879145  004.44365128  50.45868208  004.44351644
120 Taxiway Centreline
111  50.46205503  004.46210682 51 101
112  50.46225279  004.46119625  50.46210556  004.46068352
111  50.46225279  004.46119625 51 101
115  50.46210051  004.46067187
120 Taxiway Centreline
111  50.46107500  004.46225353 51 101
112  50.46153036  004.46251201  50.46180020  004.46232524 51 101
111  50.46205503  004.46210682
112  50.46205503  004.46210682  50.46223248  004.46196562 51 101
112  50.46254228  004.46219524  50.46261257  004.46243418
111  50.46254228  004.46219524 51 101
115  50.46270506  004.46275595
120 Taxiway Centreline
111  50.45958899  004.45516202 51 101
116  50.45948116  004.45560822  50.45954901  004.45588397
120 Taxiway Centreline
112  50.46007752  004.45481157  50.46019742  004.45472054 51 101
112  50.46044682  004.45496636  50.46049678  004.45512749
111  50.46044682  004.45496636 51 101
115  50.46070832  004.45587170
120 Taxiway Centreline
111  50.45997642  004.45334799 51 101
111  50.46021594  004.45417154
112  50.46021594  004.45417154  50.46028054  004.45439901 51 101
112  50.46007752  004.45481157  50.45997595  004.45489192
111  50.46007752  004.45481157 51 101
111  50.45958901  004.45516200 51 101
116  50.45930065  004.45498968  50.45921827  004.45471251
120 Taxiway Centreline
111  50.45587228  004.44322768 51
116  50.45555790  004.44318775  50.45532195  004.44335999
120 Taxiway Centreline
111  50.45574197  004.44277890 51
116  50.45555761  004.44318765  50.45532153  004.44333828
120 Taxiway Centreline
111  50.45538775  004.43751875 51 101
111  50.45532015  004.43728708
112  50.45532015  004.43728708  50.45527895  004.43714553 51 101
112  50.45504870  004.43703747  50.45495822  004.43705404 51 101
112  50.45445775  004.43751620  50.45431220  004.43774277
111  50.45445775  004.43751620
112  50.45445775  004.43751620  50.45440904  004.43761176 51 101
112  50.45438368  004.43811860  50.45442516  004.43828940
111  50.45438368  004.43811860 51 101
111  50.46029037  004.45838440
112  50.46029037  004.45838440  50.46053735  004.45926655 51 101
112  50.46063176  004.46071736  50.46081817  004.46144878
111  50.46063176  004.46071736 51 101
115  50.46201061  004.46549733
120 Taxiway Centreline
111  50.45747190  004.44470810 51 101
111  50.45768822  004.44545379
112  50.45768822  004.44545379  50.45777372  004.44575468 51 101
116  50.45754738  004.44614097  50.45743004  004.44622610
120 Taxiway Centreline
111  50.45817041  004.44711706 51 101
111  50.45795397  004.44637170
112  50.45795397  004.44637170  50.45789478  004.44617509 51 101
112  50.45754738  004.44614097  50.45743004  004.44622610
111  50.45754738  004.44614097
112  50.45754738  004.44614097  50.45748283  004.44618758 51 101
111  50.45706018  004.44649705 51 101
116  50.45696748  004.44698647  50.45702461  004.44726464
120 Taxiway Centreline
112  50.45706018  004.44649705  50.45697305  004.44656485 51 101
116  50.45675389  004.44625070  50.45668301  004.44602756
120 Taxiway Centreline
112  50.46609217  004.46563001  50.46604761  004.46547378 51 101
112  50.46573196  004.46555420  50.46555502  004.46569217 51 101
116  50.46556000  004.46625954  50.46563443  004.46651587
120 Taxiway Centreline
112  50.46720441  004.46792872  50.46717280  004.46781916 51 101
112  50.46675864  004.46774484  50.46653207  004.46790358
111  50.46675864  004.46774484 51 101
111  50.46645818  004.46795641
112  50.46645818  004.46795641  50.46638074  004.46801065 51 101
116  50.46598165  004.46770721  50.46587747  004.46735519
120 Taxiway Centreline
111  50.46554079  004.46373712 51 101
111  50.46815990  004.47272132 51 101
111  50.46910326  004.47588520
112  50.46910326  004.47588520  50.46913735  004.47600974 51 101
112  50.46930963  004.47617703  50.46940704  004.47623251
111  50.46930963  004.47617703 51 101
111  50.46949096  004.47626583 51 101
116  50.46972950  004.47652657  50.46978395  004.47670716
120 Taxiway Centreline
112  50.46645818  004.46795641  50.46632140  004.46805292 51 101
116  50.46625114  004.46863371  50.46632115  004.46896152
120 Taxiway Centreline
112  50.46649420  004.46550790  50.46643411  004.46531557 51 101
112  50.46603273  004.46534825  50.46585963  004.46547929
111  50.46603273  004.46534825 51 101
111  50.46573263  004.46555714
112  50.46573263  004.46555714  50.46558830  004.46566987 51 101
116  50.46530196  004.46537138  50.46524038  004.46516896
120 Taxiway Centreline
111  50.46589924  004.46348311 51 101
115  50.46990091  004.47710999
120 Taxiway Centreline
112  50.46664807  004.46782269  50.46676262  004.46774341 51
116  50.46706214  004.46806443  50.46712925  004.46829433
120 Taxiway Centreline
112  50.46664807  004.46782269  50.46673932  004.46776059 51
116  50.46678862  004.46711856  50.46671882  004.46690716
120 Taxiway Centreline
112  50.46827721  004.47333684  50.46842143  004.47322839 51
112  50.46841068  004.47268994  50.46834164  004.47246939
111  50.46841068  004.47268994 51
111  50.46634372  004.46558963
112  50.46634372  004.46558963  50.46627765  004.46536125 51
116  50.46603273  004.46534825  50.46595404  004.46540299
120 Taxiway Edgeline
111  50.45605982  004.43899701 53
112  50.45659406  004.43961777  50.45673394  004.43982925
111  50.45659406  004.43961777
112  50.45659406  004.43961777  50.45651229  004.43964289 53
116  50.45631218  004.43986684  50.45622892  004.44003433
120 Taxiway Edgeline
112  50.46638163  004.46770710  50.46623834  004.46781819
111  50.46638163  004.46770710
112  50.46638163  004.46770710  50.46624362  004.46779185 53
112  50.46610847  004.46756984  50.46606940  004.46746941
111  50.46610847  004.46756984 53
111  50.46586666  004.46693435 53
111  50.46571579  004.46617913
112  50.46571579  004.46617913  50.46566420  004.46589278 53
112  50.46585800  004.46574896  50.46590176  004.46572174 53
112  50.46606964  004.46586530  50.46612510  004.46597801
111  50.46606964  004.46586530 53
111  50.46648390  004.46726896
114  50.46648390  004.46726896  50.46651291  004.46737273 53
120 Taxiway Edgeline
112  50.46811255  004.47287166  50.46813400  004.47295030 53
112  50.46800586  004.47324598  50.46786214  004.47334642
111  50.46800586  004.47324598
112  50.46800586  004.47324598  50.46789802  004.47330364 53
112  50.46773625  004.47312046  50.46769481  004.47301144
111  50.46773625  004.47312046 53
111  50.46746821  004.47240802 53
111  50.46657313  004.46936226 53
111  50.46642056  004.46860880
112  50.46642056  004.46860880  50.46640662  004.46852387 53
112  50.46652718  004.46820057  50.46669287  004.46805300
111  50.46652718  004.46820057
112  50.46652718  004.46820057  50.46668526  004.46811561 53
112  50.46678326  004.46834848  50.46680787  004.46841227
111  50.46678326  004.46834848 53
115  50.46811255  004.47287166
120 Taxiway Edgeline
112  50.46742855  004.47422473  50.46756269  004.47412325 53
112  50.46776233  004.47442372  50.46783294  004.47467774
111  50.46776233  004.47442372 53
111  50.46805833  004.47422354
112  50.46805833  004.47422354  50.46799445  004.47398171 53
112  50.46814213  004.47373211  50.46826747  004.47363820
111  50.46814213  004.47373211
112  50.46814213  004.47373211  50.46820178  004.47369062 53
112  50.46840057  004.47386814  50.46845991  004.47404163
111  50.46840057  004.47386814 53
111  50.46921823  004.47667848 53
111  50.46949752  004.47648258 53
115  50.46972849  004.47724488
120 Taxiway Edgeline
111  50.46485385  004.46931691 53
111  50.46547915  004.46886658 53
111  50.46587386  004.46867492
112  50.46587386  004.46867492  50.46602419  004.46858928 53
112  50.46614355  004.46889977  50.46618261  004.46898439
111  50.46614355  004.46889977 53
111  50.46638315  004.46949578 53
111  50.46726713  004.47251780 53
111  50.46743829  004.47334847
112  50.46743829  004.47334847  50.46746640  004.47354608 53
116  50.46729680  004.47375107  50.46721191  004.47379606
120 Taxiway Edgeline
111  50.46546436  004.46378398 53
111  50.46578577  004.46489384
112  50.46578577  004.46489384  50.46582441  004.46506690 53
112  50.46572162  004.46527738  50.46565544  004.46533937 53
112  50.46543037  004.46521910  50.46534117  004.46504733
111  50.46543037  004.46521910 53
111  50.46522814  004.46477825 53
115  50.46385974  004.46005145
120 Taxiway Edgeline
112  50.46357145  004.46122413  50.46366237  004.46119512 53
112  50.46396504  004.46141424  50.46407128  004.46160262
111  50.46396504  004.46141424
112  50.46396504  004.46141424  50.46407352  004.46167589 53
111  50.46417391  004.46191130 53
111  50.46566198  004.46701814 53
111  50.46581243  004.46781027
112  50.46581243  004.46781027  50.46581871  004.46786319 53
112  50.46573727  004.46818156  50.46562890  004.46827000
111  50.46573727  004.46818156 53
111  50.46537610  004.46852423 53
111  50.46503743  004.46863009
112  50.46503743  004.46863009  50.46482628  004.46867702 53
116  50.46452502  004.46819841  50.46445555  004.46796015
120 Taxiway Edgelines
112  50.46361264  004.46020736  50.46361974  004.46041100 53
116  50.46345630  004.46077036  50.46335508  004.46088845
120 Linear Feature 42
111  50.45940552  004.44474593 6 103
115  50.45916963  004.44496343
120 Linear Feature 6
112  50.46675864  004.46774484  50.46688176  004.46765517 51 101
116  50.46693641  004.46701542  50.46687454  004.46680426
120 Linear Feature 5
112  50.46645818  004.46795641  50.46653012  004.46790504 51 101
116  50.46659550  004.46735373  50.46655128  004.46720451
120 Linear Feature 4
112  50.46645818  004.46795641  50.46656344  004.46788641 51 101
116  50.46684202  004.46820131  50.46688012  004.46833421
120 Linear Feature 3
112  50.46807371  004.47348525  50.46819188  004.47337669 51 101
116  50.46822015  004.47292632  50.46819108  004.47282179
120 Linear Feature 1
111  50.46200500  004.46588877 3
111  50.46062475  004.46110655
112  50.46062475  004.46110655  50.46054237  004.46082946 3
112  50.46045648  004.46033617  50.46042101  004.46009542
111  50.46045648  004.46033617
112  50.46045648  004.46033617  50.46043519  004.46019166 3
112  50.46040511  004.45991262  50.46039093  004.45977384
111  50.46040511  004.45991262
112  50.46040511  004.45991262  50.46037599  004.45962768 3
112  50.46030765  004.45905272  50.46026120  004.45875644
111  50.46030765  004.45905272
112  50.46030765  004.45905272  50.46027443  004.45884080 3
112  50.46015862  004.45838116  50.46008862  004.45814246
111  50.46015862  004.45838116 3
115  50.45823088  004.45170956
120 Taxiway Centrline
111  50.46205503  004.46210682 51 101
115  50.46301174  004.46138090
120 Runway Turning Circle
111  50.46406256  004.46743996 51
111  50.46432349  004.46833908
112  50.46432349  004.46833908  50.46434165  004.46839981 51
112  50.46434458  004.46856749  50.46434224  004.46863465
111  50.46434458  004.46856749 51
111  50.46431665  004.46906732
112  50.46431665  004.46906732  50.46430551  004.46930102 51
112  50.46464029  004.46936938  50.46483993  004.46915668 51
112  50.46464177  004.46882042  50.46457657  004.46877170 51
112  50.46444085  004.46860269  50.46440833  004.46849453
111  50.46444085  004.46860269 51
115  50.46440020  004.46846319
120 Linear Feature 12
112  50.46139649  004.46298482  50.46135039  004.46281784 102
112  50.46147698  004.46271330  50.46155790  004.46266312
111  50.46147698  004.46271330 102
111  50.46225395  004.46213167
112  50.46225395  004.46213167  50.46227278  004.46211780 102
116  50.46232804  004.46215082  50.46235511  004.46219056
120 Linear Feature 11
112  50.46207342  004.46127450  50.46210814  004.46145196 102
112  50.46193553  004.46195766  50.46180608  004.46207875
111  50.46193553  004.46195766 102
111  50.46167033  004.46216878
112  50.46167033  004.46216878  50.46154331  004.46227116 102
116  50.46117045  004.46198628  50.46105465  004.46173229
120 Linear Feature 10
112  50.45961530  004.45574666  50.45957273  004.45560477 102
112  50.45973873  004.45520226  50.45984464  004.45511419
111  50.45973873  004.45520226 102
111  50.46005420  004.45496419
112  50.46005420  004.45496419  50.46013986  004.45490982 102
115  50.46029231  004.45511358
120 Linear Feature 9
111  50.46004683  004.45427873 102
112  50.45997797  004.45465653  50.45988106  004.45473128
111  50.45997797  004.45465653 102
111  50.45965004  004.45489354
112  50.45965004  004.45489354  50.45954413  004.45496530 102
116  50.45929153  004.45462718  50.45925103  004.45448855
120 Linear Feature 8
112  50.45713146  004.44715847  50.45710530  004.44702539 102
112  50.45721832  004.44659175  50.45735040  004.44640779 102
112  50.45755558  004.44635985  50.45763790  004.44632210 102
116  50.45780554  004.44654811  50.45783258  004.44663022
120 Linear Feature 7
112  50.45756891  004.44572531  50.45759595  004.44586688 102
111  50.45747059  004.44600179 102
111  50.45712046  004.44625338
112  50.45712046  004.44625338  50.45704042  004.44630434 102
116  50.45685346  004.44619724  50.45681525  004.44607606
120 Linear Feature 6
112  50.45463153  004.43789648  50.45464184  004.43780445 102
112  50.45470118  004.43767082  50.45473615  004.43761956
111  50.45470118  004.43767082 102
111  50.45488288  004.43741880
112  50.45488288  004.43741880  50.45492624  004.43736949 102
112  50.45502067  004.43735117  50.45504735  004.43739421
111  50.45502067  004.43735117 102
115  50.45523813  004.43768256
120 Linear Feature 5
111  50.45499484  004.43686085 102
111  50.45451470  004.43722269
112  50.45451470  004.43722269  50.45436748  004.43734487 102
116  50.45427998  004.43780645  50.45426518  004.43804239
120 Linear Feature 4
112  50.45895517  004.44898984  50.45895517  004.44870759 102
112  50.45929141  004.44819510  50.45957568  004.44800539
111  50.45929141  004.44819510 102
111  50.45956336  004.44801007
112  50.45956336  004.44801007  50.45978576  004.44786432 102
116  50.46019086  004.44839120  50.46033667  004.44874517
120 Linear Feature 3
112  50.45964882  004.44653847  50.45973106  004.44691828 102
112  50.45946308  004.44749919  50.45929861  004.44766114 102
112  50.45914978  004.44775326  50.45889080  004.44793256 102
116  50.45855394  004.44761836  50.45837720  004.44745449
120 Linear Feature 2
111  50.45707377  004.43993728
112  50.45679804  004.43946573  50.45668418  004.43929851
111  50.45679804  004.43946573
112  50.45679804  004.43946573  50.45675234  004.43939861
112  50.45642543  004.43901359  50.45625476  004.43881476
111  50.45642543  004.43901359
112  50.45642543  004.43901359  50.45617091  004.43871708
115  50.45588430  004.43839240
120 Linear Feature 1
112  50.45655263  004.44070229  50.45646904  004.44024110
116  50.45684542  004.44021002  50.45702300  004.44047592
21  50.46317879  004.46601716 2 245.4700 3.00 PAPI 24
21  50.45872075  004.44720407 2 65.4700 3.00 PAPI 06
20  50.46556863  004.46504686 317.2000 0 2 {@Y,^lu}P10{@L}M4{@Y,^u}P11|{^u}APRON
20  50.46588871  004.46606234 356.1500 0 2 {@Y,^lu}P10{@L}M4{@Y,^u}P11|{^u}APRON
20  50.46542906  004.46471881 59.9600 0 2 {@Y,^l}M4{@L}N
20  50.46591276  004.46627192 264.2200 0 2 {@L}N{@Y}M4{^r}
20  50.46658326  004.46860295 246.6100 0 2 {@Y,^l}N5{@L}N{@Y}M5{^r}
20  50.46615176  004.46712924 54.8600 0 2 {@Y,^l}M5{@L}N{@Y}N5{^r}
20  50.46627622  004.46749177 319.6300 0 2 {@Y,^u}APRON{@L}M5{@Y,^u}P11|P12{^ru}
20  50.46657414  004.46844474 351.2900 0 2 {@Y,^u}APRON{@L}M5{@Y,^u}P11_P12{^ru}
20  50.46777854  004.47271830 52.3900 0 2 {@Y,^l}M6{@L}N
20  50.46825172  004.47392691 155.3800 0 2 {@L}M6{@Y}N{^r}
20  50.46794201  004.47300606 315.8200 0 2 {@Y}APRON{^u,@L}M6{@Y}P14{^u,@@,@L}M6{@Y}N{^r}
20  50.46195362  004.46133615 65.0200 0 2 {@Y}S4{^r}
20  50.46238017  004.46034096 64.4500 0 2 {@Y,^l}N4
20  50.46022965  004.45541590 245.1800 0 2 {@Y,^l}S3
20  50.45988087  004.45418374 66.6700 0 2 {@Y}S3{^r}
20  50.45834328  004.44634217 57.5300 0 2 {@Y,^l}N3
20  50.45773071  004.44679280 239.1100 0 2 {@Y,^l}S2
20  50.45739198  004.44563416 63.8900 0 2 {@Y}S2{^r}
20  50.45930114  004.44978384 245.4800 0 2 {@Y}N3{^r}
20  50.45664890  004.44080079 247.0100 0 2 {@Y}N2{^r}
20  50.46110417  004.46135021 61.3900 0 2 {@Y}APRON_P5{^r}
20  50.46110874  004.46137053 244.7500 0 2 {@Y,^l}APRON_P5
20  50.46085634  004.46030141 73.1900 0 2 {@Y}APRON_P4{^r}|AVGAS{^r}
20  50.46085761  004.46031723 263.6600 0 2 {@Y,^l}APRON_P4|{^l}AVGAS
20  50.46068315  004.45896006 342.2000 0 2 {@Y,^l}O7{@L}S{@Y}24{^r}
20  50.46056391  004.45838116 61.8400 0 2 {@Y}APRON{^r}|P4
20  50.46056833  004.45839824 255.9600 0 2 {@Y,^l}APRON|P4
20  50.46029628  004.45742162 59.8000 0 2 {@Y}APRON{^r}|P3
20  50.46030007  004.45743406 247.9300 0 2 {@Y,^l}APRON|P3
20  50.46002756  004.45649228 63.8600 0 2 {@Y}APRON{^r}|P2
20  50.46003189  004.45651243 248.9600 0 2 {@Y,^l}APRON|P2
20  50.45982864  004.45579794 272.0500 0 2 {@L}S{@Y}S3{^r}
20  50.45944092  004.45452162 50.0800 0 2 {@Y,^l}S3{@L}S
20  50.45972364  004.45544506 314.2700 0 2 {@R}06-24{@L}S3{@@}S3{safety}
20  50.46179243  004.46259797 333.9000 0 2 {@L}S4{@R}06-24{@@,@L}S4{safety}
20  50.46163783  004.46206005 333.9000 0 2 {@L}S4{@R}06-24{@@,@L}S4{safety}
20  50.45953692  004.45479033 333.9000 0 2 {@L}S3{@R}06-24{@@,@L}S3{safety}
20  50.45930891  004.45406181 247.2300 0 2 {@Y,^u}06
20  50.45883593  004.45237934 65.5600 0 2 {@Y}APRON{^r}|P1
20  50.45884418  004.45241389 245.9000 0 2 {@Y,^l}APRON|P1
20  50.45683276  004.44553817 64.7100 0 2 {@Y,^l}S2{@L}S{@Y}T2{^r}
20  50.45789663  004.45076552 245.0800 0 2 {@Y,^l}T3{@L}S
20  50.45787496  004.44929487 66.5800 0 2 {@L}S{@Y}T3{^r}
20  50.45694113  004.44778315 245.1600 0 2 {@Y,^l}T2{@L}S{@Y}S2{^r}
20  50.45724779  004.44693795 330.2600 0 2 {@R}06-24{@L}S2{@@,@Y,^l}APRON{@L}S2{safety}
20  50.45698520  004.44602211 336.8700 0 2 {@R}06-24{@L}S2{@@}S2{safety}
20  50.45700804  004.44074750 227.6400 0 2 {@Y,^u}N1{@L}N
20  50.45715431  004.44099725 226.7600 0 2 {@Y,^l}N2{@L}N{@@}N
20  50.45543523  004.44070171 64.8800 0 2 {@L}S
20  50.45778862  004.44109430 232.4700 0 2 {@R}06-24{@@,@L}N
20  50.45514840  004.43789967 228.8100 0 2 {@Y,^l}S1
20  50.45419119  004.43780571 272.6300 0 2 {@R}06-24{@L}S1{@@}S1{safety}
20  50.45470430  004.43792056 276.7100 0 2 {@R}06-24{@L}S1{@@}S1{safety}
20  50.45744002  004.44152537 229.5000 0 2 {@R}06-24
20  50.45936140  004.44830877 336.8700 0 2 {@L}N3{@Y,^l}N{^r}
20  50.45916200  004.44755300 336.8700 0 2 {@L}N3{@Y,^l}N{^r}
20  50.45955315  004.44686024 151.8300 0 2 {@L}N3{@R}24-06{@@,@L}N3{safety}
20  50.45999747  004.44832451 177.3600 0 2 {@R}24-06{@L}N3{@@}N3{safety}
20  50.46385324  004.46158892 180.9700 0 2 {@L}N4{@R}24-06{@@,@L}N4{safety}
20  50.46344509  004.46023037 133.6800 0 2 {@L}N4{@R}24-06{@@,@L}N4{safety}
20  50.46561973  004.46784522 156.1400 0 2 {@R}24{@L}N5{@@}N5{safety}
20  50.46590931  004.46889144 167.2700 0 2 {@L}N5{@R}24{@@,@L}N5{safety}
20  50.45595843  004.44289361 66.2700 0 2 {@L}S{@Y}T1{^r,@@,^l}T1{@L}S
20  50.46571682  004.46898375 335.8300 0 2 {@Y,^l}N|M5{^u,@L}N5{@Y}|N{^r}
20  50.46543988  004.46803164 335.8300 0 2 {@Y,^l}N{@L}N5{@Y}M5{^u}|N{^r}
20  50.46324968  004.46154703 335.2900 0 2 {@L}N4{@Y,^l}N{^r}
20  50.46308566  004.46094878 337.7100 0 2 {@L}N4{@Y,^l}N{^r}
20  50.46431408  004.46718403 65.6600 0 2 {@Y,^l}N5
14  50.45843299  004.45427870  32.81 0 tower view
1300  50.46680060  004.46396250 335.76 gate jets Gate 51
1301 C airline 
1300  50.46696468  004.46452209 335.39 gate jets Gate 52
1301 C airline 
1300  50.46712883  004.46508216 335.16 gate jets Gate 53
1301 C airline 
1300  50.46730251  004.46567510 335.86 gate jets Gate 54
1301 C airline 
1300  50.46746588  004.46623294 335.11 gate jets Gate 55
1301 C airline 
1300  50.46763492  004.46680984 335.29 gate jets Gate 56
1301 C airline 
1300  50.46780230  004.46738091 335.18 gate jets Gate 57
1301 C airline bru
1300  50.46800244  004.46806468 335.26 gate jets Gate 58
1301 C airline ryr
1300  50.46816375  004.46861502 335.28 gate jets Gate 59
1301 C airline ryr
1300  50.46832827  004.46917589 335.09 gate jets Gate 60
1301 C airline ryr
1300  50.46849266  004.46973678 335.22 gate jets Gate 61
1301 C airline ryr
1300  50.46865419  004.47028861 335.20 gate jets Gate 62
1301 C airline ryr
1300  50.46881732  004.47084558 334.69 gate jets Gate 63
1301 C airline ryr
1300  50.46901836  004.47153165 335.22 gate jets Gate 64
1301 C airline jaf
1300  50.46918017  004.47208506 335.20 gate jets Gate 65
1301 C airline jaf
1300  50.46937368  004.47274399 335.52 gate jets Gate 66
1301 C airline jaf
1300  50.46953671  004.47330062 335.17 gate jets Gate 67
1301 C airline wzz
1300  50.46969952  004.47385703 334.68 gate jets Gate 68
1301 C airline wzz
1300  50.46987950  004.47447084 334.81 gate jets Gate 69
1301 C airline wzz
1300  50.47004257  004.47502791 334.99 gate jets Gate 70
1301 C airline pgt
1300  50.47020533  004.47558361 334.82 gate jets Gate 71
1301 C airline pgt
1300  50.47036696  004.47613480 335.54 gate jets Gate 72
1301 C airline pgt
1300  50.45957527  004.45797728  65.94 tie_down props GA Ramp 17B
1301 A general_aviation 
1300  50.45974379  004.45856492  65.08 tie_down props GA Ramp 17C
1301 A general_aviation 
1300  50.45934921  004.45812695  65.78 tie_down props GA Ramp 18B
1301 A general_aviation 
1300  50.45951913  004.45871858  65.58 tie_down props GA Ramp 18C
1301 A general_aviation 
1300  50.45975034  004.45929960  63.96 tie_down props GA Ramp 19
1301 A general_aviation 
1300  50.45963167  004.45939033  64.85 tie_down props GA Ramp 20
1301 A general_aviation 
1300  50.45951606  004.45947358  65.52 tie_down props GA Ramp 21
1301 A general_aviation 
1300  50.45987606  004.45973410  65.38 tie_down props GA Ramp 22
1301 A general_aviation 
1300  50.45975358  004.45981634  66.11 tie_down props GA Ramp 23
1301 A general_aviation 
1300  50.45964002  004.45989928  64.60 tie_down props GA Ramp 24
1301 A general_aviation 
1300  50.45999391  004.46014108  66.27 tie_down props GA Ramp 25
1301 A general_aviation 
1300  50.45987097  004.46022192  66.12 tie_down props GA Ramp 26
1301 A general_aviation 
1300  50.45975691  004.46030666  64.26 tie_down props GA Ramp 27
1301 A general_aviation 
1300  50.45885976  004.45527879  65.21 tie_down jets|props GA Ramp 04B
1301 A general_aviation 
1300  50.45867700  004.45464400  65.21 tie_down jets|props GA Ramp 03B
1301 A general_aviation 
1300  50.45849304  004.45400098  65.17 tie_down jets|props GA Ramp 02B
1301 A general_aviation 
1300  50.45830707  004.45336418  65.57 tie_down jets|props GA Ramp 01B
1301 A general_aviation 
1300  50.46120838  004.46608482 156.18 gate jets|turboprops|props New Ramp Start 2
1301 D cargo 
1300  50.46099149  004.46533353 156.18 gate jets|turboprops|props New Ramp Start 2
1301 D cargo 
1300  50.46082804  004.46476750 156.18 gate jets|turboprops|props New Ramp Start 2
1301 C cargo 
1300  50.46056183  004.46384777 156.18 gate jets|turboprops|props New Ramp Start 2
1301 C cargo 
1300  50.46043011  004.46339440 156.18 gate jets|turboprops|props New Ramp Start 2
1301 C cargo 
1300  50.46030115  004.46295133 156.18 gate jets|turboprops|props New Ramp Start 2
1301 C cargo 
1300  50.46017149  004.46250284 156.18 gate jets|turboprops|props New Ramp Start 2
1301 C cargo 
1300  50.46003839  004.46204298 156.18 gate jets|turboprops|props New Ramp Start 2
1301 C cargo 
1300  50.45991115  004.46160262 156.18 gate jets|turboprops|props New Ramp Start 2
1301 C cargo 
1054 121300 Charleroi Tower
1053 121800 Charleroi Ground
1056 133130 Charleroi Approach
1050 134625 Charleroi ATIS
1200 
1201  50.45803366  004.45288779 both 0 N_stop
1201  50.45889907  004.45584554 both 1 N_stop
1201  50.45887726  004.45598290 both 2 N_stop
1201  50.45877634  004.45606960 both 3 N_stop
1201  50.45876484  004.45618621 both 4 N_stop
1201  50.45914076  004.45746788 both 5 N_stop
1201  50.45913281  004.45786740 both 6 N_stop
1201  50.45912483  004.45773099 both 7 N_stop
1201  50.45914453  004.45759635 both 8 N_stop
1201  50.45934583  004.45858155 both 9 N_stop
1201  50.45934583  004.45880877 both 10 N_stop
1201  50.45935869  004.45870640 both 11 N_stop
1201  50.45928065  004.45899855 both 12 N_stop
1201  50.45928701  004.45921079 both 13 N_stop
1201  50.45926286  004.45909897 both 14 N_stop
1201  50.45975253  004.46086757 both 15 N_stop
1201  50.45987570  004.46124148 both 16 N_stop
1201  50.45988691  004.46106908 both 17 N_stop
1201  50.45983737  004.46163988 both 18 N_stop
1201  50.45981485  004.46144841 both 19 N_stop
1201  50.46052615  004.46402225 both 20 N_stop
1201  50.46067055  004.46408260 both 21 N_stop
1201  50.46058916  004.46410496 both 22 N_stop
1201  50.46101166  004.46383731 both 23 N_stop
1201  50.46112427  004.46390182 both 24 N_stop
1201  50.46107981  004.46383280 both 25 N_stop
1201  50.46162005  004.46560188 both 26 N_stop
1201  50.46171741  004.46616066 both 27 N_stop
1201  50.46196801  004.46702089 both 28 N_stop
1201  50.46197755  004.46752131 both 29 N_stop
1201  50.46200510  004.46725781 both 30 N_stop
1201  50.46185165  004.46793484 both 31 N_stop
1201  50.46184592  004.46836036 both 32 N_stop
1201  50.46181963  004.46816096 both 33 N_stop
1201  50.46367918  004.47457238 both 34 N_stop
1201  50.46409695  004.47482411 both 35 N_stop
1201  50.46384784  004.47480774 both 36 N_stop
1201  50.46446704  004.47458437 both 37 N_stop
1201  50.46465590  004.47467427 both 38 N_stop
1201  50.46457778  004.47456009 both 39 N_stop
1201  50.46643424  004.48083084 both 40 N_stop
1201  50.46665687  004.48092767 both 41 N_stop
1201  50.46652650  004.48095543 both 42 N_stop
1201  50.46765596  004.48019057 both 43 N_stop
1201  50.46787951  004.47977721 both 44 N_stop
1201  50.46777972  004.48003970 both 45 N_stop
1201  50.46806071  004.47902403 both 46 N_stop
1201  50.46796916  004.47930918 both 47 N_stop
1201  50.46834046  004.47854117 both 48 N_stop
1201  50.46868294  004.47746602 both 49 N_stop
1201  50.46924843  004.47715105 both 50 N_stop
1201  50.46907269  004.47709886 both 51 N_stop
1201  50.46890709  004.47713632 both 52 N_stop
1201  50.46877594  004.47728409 both 53 N_stop
1201  50.47003869  004.47775088 both 54 N_stop
1201  50.47023556  004.47772775 both 55 N_stop
1201  50.45968150  004.46004248 both 56 N_stop
1201  50.45956089  004.45962329 both 57 N_stop
1201  50.45940271  004.45910092 both 58 N_stop
1201  50.45941571  004.45835737 both 59 N_stop
1201  50.45923636  004.45772249 both 60 N_stop
1201  50.45874396  004.45487374 both 61 N_stop
1201  50.45855879  004.45423615 both 62 N_stop
1201  50.45837070  004.45359336 both 63 N_stop
1201  50.45818965  004.45295697 both 64 N_stop
1201  50.46569209  004.46488851 both 65 N_stop
1201  50.46562083  004.46485791 both 66 N_stop
1201  50.46536651  004.46395777 both 67 N_stop
1201  50.46539017  004.46381775 both 68 N_stop
1201  50.46536697  004.46388662 both 69 N_stop
1201  50.46596233  004.46331691 both 70 N_stop
1201  50.46603500  004.46334789 both 71 N_stop
1201  50.46621637  004.46395713 both 72 N_stop
1201  50.46626894  004.46401218 both 73 N_stop
1201  50.46672394  004.46863841 both 74 N_stop
1201  50.46772661  004.47206334 both 75 N_stop
1201  50.46829460  004.47164164 both 76 N_stop
1201  50.46673956  004.46854592 both 77 N_stop
1201  50.47020143  004.47666795 both 78 N_stop
1201  50.47001978  004.47656421 both 79 N_stop
1201  50.47010867  004.47666877 both 80 N_stop
1201  50.46637303  004.46411278 both 81 N_stop
1201  50.46645215  004.46438185 both 82 N_stop
1201  50.46681821  004.46563324 both 83 N_stop
1201  50.46716308  004.46681087 both 84 N_stop
1201  50.46751139  004.46800189 both 85 N_stop
1201  50.46852634  004.47146959 both 86 N_stop
1201  50.46888890  004.47270441 both 87 N_stop
1201  50.46644599  004.46380210 both 88 N_stop
1201  50.46638617  004.46388580 both 89 N_stop
1201  50.46636214  004.46401474 both 90 N_stop
1201  50.46808058  004.47348163 both 91 N_stop
1201  50.46795264  004.47353564 both 92 N_stop
1201  50.46780671  004.47352512 both 93 N_stop
1201  50.46767670  004.47340844 both 94 N_stop
1201  50.46938562  004.47621255 both 95 N_stop
1201  50.46957282  004.47631315 both 96 N_stop
1201  50.46907202  004.47577761 both 97 N_stop
1201  50.46919283  004.47607187 both 98 N_stop
1201  50.46990091  004.47710999 both 99 N_stop
1201  50.46589890  004.46348258 both 100 N_stop
1201  50.46601441  004.46536091 both 101 N_start
1201  50.46622743  004.46520006 both 102 N_start
1201  50.46584677  004.46478540 both 103 N_start
1201  50.46621044  004.46603990 both 104 N_start
1201  50.46655684  004.46722651 both 105 N_start
1201  50.46677686  004.46707500 both 106 N_start
1201  50.46708081  004.46750523 both 107 N_stop
1201  50.46727537  004.46816825 both 108 N_stop
1201  50.46712542  004.46827395 both 109 N_stop
1201  50.46870280  004.47303275 both 110 N_stop
1201  50.46972586  004.47651214 both 111 N_stop
1201  50.46637326  004.46509453 both 112 N_stop
1201  50.46621083  004.46454271 both 113 N_stop
1201  50.46657841  004.46579628 both 114 N_stop
1201  50.46643308  004.46589249 both 115 N_stop
1201  50.46692408  004.46697363 both 116 N_stop
1201  50.46757719  004.47319679 both 117 N_stop
1201  50.45762209  004.44130116 both 118 N_stop
1201  50.46172713  004.46237251 both 119 S4_stop
1201  50.46201061  004.46549733 both 120 S_stop
1201  50.46063176  004.46071736 both 121 S_stop
1201  50.46121565  004.46274079 both 122 S_stop
1201  50.46047332  004.45949027 both 123 S_stop
1201  50.46051174  004.45996604 both 124 S_stop
1201  50.46031531  004.45847116 both 125 S_stop
1201  50.46042305  004.45904912 both 126 S_stop
1201  50.45437482  004.43783668 both 127 S_start
1201  50.45438596  004.43812460 both 128 S_start
1201  50.45581070  004.44301588 both 129 S_start
1201  50.45684968  004.44657955 both 130 S_start
1201  50.45686784  004.44664022 both 131 unnamed entity(split)
1201  50.45786374  004.45005887 both 132 unnamed entity(split)
1201  50.45861578  004.45264138 both 133 unnamed entity(split)
1201  50.45880235  004.45328644 both 134 unnamed entity(split)
1201  50.45898782  004.45391562 both 135 unnamed entity(split)
1201  50.45917267  004.45456305 both 136 unnamed entity(split)
1201  50.45710979  004.44646149 both 137 unnamed entity(split)
1201  50.45939122  004.45530494 both 138 unnamed entity(split)
1201  50.45994736  004.45721150 both 139 unnamed entity(split)
1201  50.46012945  004.45783836 both 140 unnamed entity(split)
1201  50.45961524  004.45514422 both 141 unnamed entity(split)
1201  50.45562509  004.43826267 both 142 S1_stop
1201  50.45599858  004.43955744 both 143 unnamed entity(split)
1201  50.45540593  004.43751231 both 144 S1_stop
1201  50.45503329  004.43704594 both 145 S1_stop
1201  50.45526941  004.43719722 both 146 S1_stop
1201  50.45445775  004.43751620 both 147 S1_stop
1201  50.45472741  004.43719933 both 148 S1_stop
1201  50.45784593  004.44592670 both 149 S2_stop
1201  50.45881963  004.44928740 both 150 S2_stop
1201  50.46036273  004.45460718 both 151 unnamed entity(split)
1201  50.46244916  004.46180371 both 152 unnamed entity(split)
1201  50.46450287  004.46888751 both 153 unnamed entity(split)
1201  50.46466711  004.46945183 both 154 _stop
1201  50.45933525  004.44487678 both 155 N_stop
1201  50.46006557  004.44737323 both 156 N_stop
1201  50.46394083  004.46069135 both 157 N_stop
1201  50.46542150  004.46578232 both 158 N_stop
1201  50.46612235  004.46819585 both 159 N_stop
1201  50.46671682  004.46777369 both 160 N_stop
1201  50.46693352  004.46761386 both 161 N_stop
1201  50.46690787  004.46842729 both 162 N_stop
1201  50.46792720  004.47191441 both 163 N_stop
1201  50.46813822  004.47175774 both 164 N_stop
1201  50.46833153  004.47329763 both 165 N_stop
1201  50.45915654  004.44440151 both 166 N_stop
1201  50.45655198  004.43980399 both 167 N2_stop
1201  50.45672979  004.43976893 both 168 N2_stop
1201  50.45690406  004.43988640 both 169 N2_stop
1201  50.45684848  004.44248140 both 170 N2_stop
1201  50.45631281  004.44063941 both 171 unnamed entity(split)
1201  50.45628682  004.44038859 both 172 unnamed entity(split)
1201  50.45631835  004.44012699 both 173 unnamed entity(split)
1201  50.45641558  004.43992956 both 174 unnamed entity(split)
1201  50.45981449  004.44754988 both 175 N3_stop
1201  50.45915133  004.44802232 both 176 N3_stop
1201  50.45883611  004.44860087 both 177 N3_stop
1201  50.46518034  004.46886639 both 178 N5_stop
1201  50.46586480  004.46838054 both 179 M6_stop
1201  50.46554168  004.46373808 both 180 N_stop
1201  50.46368351  004.46088418 both 181 N_stop
1201  50.46576912  004.46147703 both 182 N_stop
1201  50.46528267  004.46181516 both 183 N_stop
1201  50.46519156  004.46205514 both 184 N_stop
1201  50.46521372  004.46190358 both 185 N_stop
1201  50.46532282  004.46250271 both 186 N_stop
1201  50.46549588  004.46254265 both 187 N_stop
1201  50.46540619  004.46256007 both 188 N_stop
1201  50.46629930  004.46196212 both 189 N_stop
1201  50.46648407  004.46205833 both 190 N_stop
1201  50.46639947  004.46195070 both 191 N_stop
1201  50.47074823  004.47660325 both 192 N_stop
1201  50.47066541  004.47632132 both 193 N_stop
1201  50.46947759  004.47227217 both 194 N_stop
1201  50.46911671  004.47104150 both 195 N_stop
1201  50.46810464  004.46758288 both 196 N_stop
1201  50.46690327  004.46348786 both 197 N_stop
1201  50.47108567  004.47778903 both 198 N_stop
1201  50.47091266  004.47717994 both 199 N_stop
1201  50.47168585  004.47884249 both 200 N_stop
1201  50.47170647  004.47924226 both 201 N_stop
1201  50.47174037  004.47903342 both 202 N_stop
1201  50.47145277  004.47969133 both 203 N_start
1201  50.46640029  004.46733660 both 204 N_stop
1201  50.46632906  004.46728619 both 205 N_stop
1201  50.46636156  004.46733107 both 206 N_stop
1201  50.46602610  004.46626199 both 207 N_stop
1201  50.46604598  004.46615689 both 208 N_stop
1201  50.46602614  004.46619533 both 209 N_stop
1201  50.46843204  004.47276840 both 210 N_stop
1201  50.46843030  004.47303826 both 211 N_stop
1201  50.46634476  004.46558867 both 212 N_stop
1201  50.45755613  004.45029610 both 213 N_stop
1201  50.45651798  004.44683167 both 214 N_stop
1201  50.45555278  004.44319692 both 215 N_stop
1202 123 56 twoway taxiway_B P4
1202 126 57 twoway taxiway_B P4
1202 125 58 twoway taxiway_B P4
1202 140 59 twoway taxiway_B P3
1202 139 60 twoway taxiway_B P3
1202 138 139 twoway taxiway_D S
1202 139 140 twoway taxiway_D S
1202 140 125 twoway taxiway_D S
1202 136 61 twoway taxiway_B P1
1202 135 62 twoway taxiway_B P1
1202 134 63 twoway taxiway_B P1
1202 133 64 twoway taxiway_B P1
1202 212 102 twoway taxiway_E G
1202 119 122 twoway taxiway_D S4
1202 179 159 twoway taxiway_D N5
1202 165 91 oneway taxiway_E M6
1202 91 92 oneway taxiway_E M6
1202 92 93 oneway taxiway_E M6
1202 93 94 oneway taxiway_E M6
1202 94 117 oneway taxiway_E M6
1202 110 165 oneway taxiway_C M6
1202 95 96 twoway taxiway_C H
1202 96 111 twoway taxiway_C H
1202 97 98 twoway taxiway_C H
1202 98 95 twoway taxiway_C H
1202 160 162 oneway taxiway_C H
1202 162 163 oneway taxiway_C H
1202 163 165 oneway taxiway_C H
1202 165 97 twoway taxiway_C H
1202 107 108 oneway taxiway_C F
1202 108 76 oneway taxiway_C F
1202 76 110 oneway taxiway_C F
1202 110 111 twoway taxiway_C F
1202 111 99 twoway taxiway_C F
1202 112 113 twoway taxiway_C F
1202 113 100 twoway taxiway_C F
1202 114 112 twoway taxiway_C F
1202 116 114 twoway taxiway_C F
1202 107 116 twoway taxiway_C F
1202 104 101 twoway taxiway_C H
1202 105 104 twoway taxiway_C H
1202 160 105 twoway taxiway_C H
1202 159 160 oneway taxiway_D M5
1202 160 161 oneway taxiway_C M5
1202 161 107 oneway taxiway_C M5
1202 175 156 twoway taxiway_D N3
1202 181 157 twoway taxiway_D N4
1202 155 156 twoway taxiway_D N
1202 156 157 twoway taxiway_D N
1202 157 158 twoway taxiway_E N
1202 158 159 twoway taxiway_E N
1202 117 159 oneway taxiway_E N
1202 178 153 twoway taxiway_D N5
1204 departure 06,24
1204 arrival 06,24
1202 118 166 twoway taxiway_D N
1202 167 168 twoway taxiway_D N2
1204 departure 06,24
1204 arrival 06,24
1204 ils 24
1202 168 169 twoway taxiway_D N2
1204 departure 06,24
1204 arrival 06,24
1204 ils 24
1202 169 118 twoway taxiway_D N
1204 departure 06,24
1204 arrival 06,24
1204 ils 24
1202 177 150 twoway taxiway_D N3
1204 departure 06,24
1204 arrival 06,24
1202 119 152 twoway taxiway_D S4
1204 departure 06,24
1204 arrival 06,24
1202 121 122 twoway taxiway_D S
1202 122 120 twoway taxiway_D S
1202 123 124 twoway taxiway_D S
1202 124 121 twoway taxiway_D S
1202 125 126 twoway taxiway_D S
1202 126 123 twoway taxiway_D S
1202 127 128 twoway taxiway_D S
1202 128 129 twoway taxiway_D S
1202 129 130 twoway taxiway_D S
1202 130 131 twoway taxiway_D S
1202 131 132 twoway taxiway_D S
1202 132 133 twoway taxiway_D S
1202 133 134 twoway taxiway_D S
1202 134 135 twoway taxiway_D S
1202 135 136 twoway taxiway_D S
1202 136 138 twoway taxiway_D S
1202 142 143 twoway taxiway_D S1
1204 departure 06,24
1204 arrival 06,24
1202 143 171 twoway taxiway_D S1
1204 departure 06,24
1204 arrival 06,24
1202 144 142 twoway taxiway_D S1
1204 departure 06,24
1204 arrival 06,24
1202 145 146 twoway taxiway_D S1
1204 departure 06,24
1204 arrival 06,24
1202 146 144 twoway taxiway_D S1
1204 departure 06,24
1204 arrival 06,24
1202 147 148 twoway taxiway_D S1
1204 departure 06,24
1204 arrival 06,24
1202 148 145 twoway taxiway_D S1
1204 departure 06,24
1204 arrival 06,24
1202 127 147 twoway taxiway_D S1
1204 departure 06,24
1204 arrival 06,24
1202 131 137 twoway taxiway_D S2
1202 137 149 twoway taxiway_D S2
1204 departure 06,24
1204 arrival 06,24
1202 138 141 twoway taxiway_D S3
1202 141 151 twoway taxiway_D S3
1204 departure 06,24
1204 arrival 06,24
1202 170 149 twoway runway 06/24
1204 departure 06,24
1204 arrival 06,24
1204 ils 06,24
1202 149 150 twoway runway 06/24
1204 departure 06,24
1204 arrival 06,24
1204 ils 06,24
1202 150 151 twoway runway 06/24
1204 departure 06,24
1204 arrival 06,24
1204 ils 06,24
1202 151 152 twoway runway 06/24
1204 departure 06,24
1204 arrival 06,24
1204 ils 06,24
1202 152 153 twoway runway 06/24
1204 departure 06,24
1204 arrival 06,24
1204 ils 06,24
1202 153 154 twoway runway 06/24
1204 departure 06,24
1204 arrival 06,24
1204 ils 06,24
1202 166 155 twoway taxiway_D N
1202 170 171 twoway taxiway_D N2
1204 departure 06,24
1204 arrival 06,24
1202 171 172 twoway taxiway_D N2
1204 departure 06,24
1204 arrival 06,24
1202 172 173 twoway taxiway_D N2
1204 departure 06,24
1204 arrival 06,24
1202 173 174 twoway taxiway_D N2
1204 departure 06,24
1204 arrival 06,24
1202 174 167 twoway taxiway_D N2
1204 departure 06,24
1204 arrival 06,24
1202 176 175 twoway taxiway_D N3
1204 departure 06,24
1204 arrival 06,24
1202 177 176 twoway taxiway_D N3
1204 departure 06,24
1204 arrival 06,24
1202 179 178 twoway taxiway_D N5
1204 departure 06,24
1204 arrival 06,24
1202 101 158 twoway taxiway_E M4
1202 101 103 twoway taxiway_C H
1202 103 180 twoway taxiway_C H
1202 102 101 twoway taxiway_E M4
1202 102 112 twoway taxiway_E M4
1202 152 181 twoway taxiway_D N4
1204 departure 06,24
1204 arrival 06,24
1202 210 211 oneway taxiway_E G
1202 211 165 oneway taxiway_E G
1202 115 212 twoway taxiway_E G
1202 106 115 twoway taxiway_E G
1202 161 106 twoway taxiway_E G
1202 161 109 oneway taxiway_E G
1202 109 164 oneway taxiway_E G
1202 164 210 oneway taxiway_E G
1202 132 213 twoway taxiway_B T3
1202 130 214 twoway taxiway_B T2
1202 129 215 twoway taxiway_B T1
1206 1 0 twoway  N
1206 2 1 twoway  N
1206 3 2 twoway  N
1206 4 3 twoway  N
1206 5 4 twoway  N
1206 6 7 twoway  N
1206 7 8 twoway  N
1206 8 5 twoway  N
1206 9 6 twoway  N
1206 10 11 twoway  N
1206 11 9 twoway  N
1206 12 10 twoway  N
1206 13 14 twoway  N
1206 14 12 twoway  N
1206 15 13 twoway  N
1206 16 17 twoway  N
1206 17 15 twoway  N
1206 18 19 twoway  N
1206 19 16 twoway  N
1206 20 18 twoway  N
1206 21 22 twoway  N
1206 22 20 twoway  N
1206 23 21 twoway  N
1206 24 25 twoway  N
1206 25 23 twoway  N
1206 26 24 twoway  N
1206 27 26 twoway  N
1206 28 27 twoway  N
1206 29 30 twoway  N
1206 30 28 twoway  N
1206 31 29 twoway  N
1206 32 33 twoway  N
1206 33 31 twoway  N
1206 34 32 twoway  N
1206 35 36 twoway  N
1206 36 34 twoway  N
1206 37 35 twoway  N
1206 38 39 twoway  N
1206 39 37 twoway  N
1206 40 38 twoway  N
1206 41 42 twoway  N
1206 42 40 twoway  N
1206 43 41 twoway  N
1206 44 45 twoway  N
1206 45 43 twoway  N
1206 46 47 twoway  N
1206 47 44 twoway  N
1206 48 46 twoway  N
1206 49 48 twoway  N
1206 50 51 twoway  N
1206 51 52 twoway  N
1206 52 53 twoway  N
1206 53 49 twoway  N
1206 54 50 twoway  N
1206 55 54 twoway  N
1206 199 55 twoway  N
1206 65 103 oneway  N
1206 103 113 oneway  N
1206 113 82 oneway  N
1206 66 65 oneway  N
1206 67 66 oneway  N
1206 68 69 oneway  N
1206 69 67 oneway  N
1206 70 68 oneway  N
1206 71 70 oneway  N
1206 72 71 oneway  N
1206 73 72 oneway  N
1206 90 73 oneway  N
1206 75 163 oneway  N
1206 163 164 oneway  N
1206 164 76 oneway  N
1206 76 86 oneway  N
1206 74 75 oneway  N
1206 77 74 oneway  N
1206 85 108 oneway  N
1206 108 109 oneway  N
1206 109 162 oneway  N
1206 162 77 oneway  N
1206 87 194 twoway  N
1206 86 195 twoway  N
1206 85 196 twoway  N
1206 78 193 twoway  N
1206 79 80 twoway  N
1206 80 78 twoway  N
1206 81 82 twoway  N
1206 82 83 twoway  N
1206 83 84 twoway  N
1206 84 85 twoway  N
1206 85 86 twoway  N
1206 86 87 twoway  N
1206 87 79 twoway  N
1206 88 89 twoway  N
1206 89 90 twoway  N
1206 90 81 twoway  N
1206 197 88 twoway  N
1206 183 182 twoway  N
1206 184 185 twoway  N
1206 185 183 twoway  N
1206 186 184 twoway  N
1206 187 188 twoway  N
1206 188 186 twoway  N
1206 189 187 twoway  N
1206 190 191 twoway  N
1206 191 189 twoway  N
1206 192 193 twoway  N
1206 193 194 twoway  N
1206 194 195 twoway  N
1206 195 196 twoway  N
1206 196 197 twoway  N
1206 197 190 twoway  N
1206 198 199 twoway  N
1206 199 192 twoway  N
1206 200 198 twoway  N
1206 201 202 twoway  N
1206 202 200 twoway  N
1206 203 201 twoway  N
1206 204 105 oneway  N
1206 105 106 oneway  N
1206 106 116 oneway  N
1206 116 84 oneway  N
1206 205 206 oneway  N
1206 206 204 oneway  N
1206 207 205 oneway  N
1206 208 209 oneway  N
1206 209 207 oneway  N
1206 83 114 oneway  N
1206 114 115 oneway  N
1206 115 104 oneway  N
1206 104 208 oneway  N
1400  50.46924359  4.47235910  154.38 baggage_train 3 New Service Truck 8
1400  50.46835730  4.46938854  150.32 baggage_train 3 New Service Truck 7
1400  50.46534445  4.46161670  61.11 fuel_jets 0 Fuel Truck Parking
1400  50.46528413  4.46166907  59.04 fuel_props 0 Fuel Truck Parking
1400  50.46541131  4.46155434  57.53 fuel_liners 0 Fuel Truck Parking
1400  50.46636652  4.46369919  244.80 food 0 New Service Truck 18
1400  50.46640306  4.46367147  244.80 food 0 New Service Truck 18
1400  50.45921920  4.45894425  0.00 gpu 0 New Service Truck 24
1400  50.45957305  4.46067620  342.08 food 0 New Service Truck 23
1400  50.45960286  4.46075077  341.32 food 0 New Service Truck 22
1400  50.47113918  4.47871400  0.00 food 0 New Service Truck 21
1400  50.46657125  4.46353806  0.00 gpu 0 New Service Truck 20
1400  50.46645091  4.46364151  244.80 food 0 New Service Truck 18
1400  50.46649133  4.46361261  244.80 food 0 New Service Truck 18
1400  50.47001388  4.47450502  123.18 baggage_loader 0 New Service Truck 15
1400  50.46889562  4.47108088  122.07 baggage_loader 0 New Service Truck 14
1400  50.46898302  4.47103270  122.07 baggage_loader 0 New Service Truck 14
1400  50.46862395  4.46983412  163.71 baggage_loader 0 New Service Truck 13
1400  50.46802855  4.46777527  188.75 baggage_loader 0 New Service Truck 12
1400  50.46728644  4.46517130  171.57 baggage_loader 0 New Service Truck 11
1400  50.45856998  4.45619757  335.67 baggage_train 3 New Service Truck 10
1400  50.46059862  4.46419562  0.00 gpu 0 New Service Truck 9
1400  50.46061335  4.46429878  313.26 pushback 0 New Service Truck 8
1400  50.45967619  4.46100885  334.29 fuel_jets 0 New Service Truck 5
1400  50.45971644  4.46109315  337.07 fuel_liners 0 New Service Truck 4
1400  50.45856752  4.45514957  0.00 crew_car 0 New Service Truck 7
1400  50.45920297  4.45887441  0.00 crew_car 0 New Service Truck 6
1400  50.45974136  4.46115938  336.37 fuel_props 0 New Service Truck 3
1400  50.46899246  4.47040570  245.09 crew_car 0 New Service Truck 1
1400  50.46949171  4.47211320  245.09 crew_car 0 New Service Truck 1
1400  50.47072853  4.47605610  155.76 baggage_train 4 New Service Truck 1
1400  50.46946198  4.47291018  136.33 baggage_train 3 New Service Truck 1
1401  50.46902186  4.47123324  189.58 crew_car Crew Car Destination
1401  50.46862617  4.46973072  189.58 crew_car Crew Car Destination
1401  50.46773279  4.46664722  189.58 crew_car Crew Car Destination
1401  50.46761094  4.46624714  189.58 crew_car Crew Car Destination
1401  50.46758287  4.46651171  176.69 baggage_loader Baggage Loader Destination
1401  50.46827224  4.46892408  133.26 baggage_loader Baggage Loader Destination
1401  50.46890000  4.47093423  133.26 baggage_loader Baggage Loader Destination
1401  50.46909716  4.47167850  133.26 baggage_loader Baggage Loader Destination
1401  50.46978653  4.47397694  133.26 baggage_loader Baggage Loader Destination
1401  50.47028148  4.47568923  133.26 baggage_loader Baggage Loader Destination
1401  50.47040192  4.47629518  154.46 baggage_train Baggage Train Destination
1401  50.47006716  4.47518198  154.46 baggage_train Baggage Train Destination
1401  50.46887005  4.47132530  154.46 baggage_train Baggage Train Destination
1401  50.46870622  4.47048615  154.46 baggage_train Baggage Train Destination
1401  50.46817978  4.46880511  154.46 baggage_train Baggage Train Destination
1401  50.46807161  4.46824477  154.46 baggage_train Baggage Train Destination
1401  50.46782790  4.46761667  154.46 baggage_train Baggage Train Destination
1401  50.46766771  4.46701869  154.46 baggage_train Baggage Train Destination
1401  50.46865122  4.46924455  246.24 crew_car New Service Truck Destination 4
1401  50.46932884  4.47156359  246.30 crew_car New Service Truck Destination 3
1401  50.46928040  4.47139347  246.30 crew_car New Service Truck Destination 3
1401  50.46942231  4.47187877  245.11 crew_car New Service Truck Destination 2
99
