I
1130 Generated by WorldEditor 2.1.0r1

1    569 0 0 EBNM Namur Suarlee
1302 city Suarlée
1302 country Belgium
1302 datum_lat 50.488055556
1302 datum_lon 4.768888889
1302 faa_code 
1302 gui_label 3D
1302 iata_code 
1302 icao_code EBNM
1302 region_code EB
1302 state Namur
1302 transition_alt 4500
1302 transition_level 
1302 flatten 1
100 25.00 1 0 0.00 0 0 0 06R  50.48813503  004.76587911    0    0 1 0 0 0 24L  50.49122549  004.77431902    0    0 1 0 0 0
100 50.00 3 0 0.25 0 0 0 06L  50.48865947  004.76541803  100    0 1 0 0 0 24R  50.49147480  004.77309648  100    0 1 0 0 0
110 5 0.00 0.0000 New Taxiway 7
111  50.48854502  004.76924543
111  50.48846154  004.76930954
111  50.48829941  004.76943092
111  50.48831990  004.76949809
111  50.48845800  004.76939344
113  50.48856615  004.76931282
110 5 0.00 0.0000 New Taxiway 6
111  50.48807906  004.76871734
111  50.48811851  004.76883765
111  50.48815137  004.76894543
111  50.48839227  004.76875840
113  50.48832263  004.76853635
110 5 0.00 0.0000 New Taxiway 1
111  50.48777683  004.76885303
111  50.48772493  004.76890667
112  50.48768928  004.76891487  50.48767075  004.76890663
111  50.48765932  004.76887589
111  50.48721161  004.76770722
112  50.48718699  004.76772717  50.48718612  004.76772854
111  50.48767536  004.76899277
111  50.48757623  004.76909254
112  50.48753188  004.76910211  50.48750269  004.76909815
111  50.48748837  004.76905635
111  50.48714822  004.76816531
112  50.48713298  004.76814791  50.48712489  004.76814600
111  50.48711670  004.76815245
111  50.48706584  004.76820293
111  50.48707979  004.76823211
111  50.48712834  004.76818476
111  50.48746807  004.76907648
112  50.48750748  004.76913555  50.48752810  004.76914873
112  50.48756042  004.76914855  50.48758628  004.76914526
111  50.48761749  004.76911214
113  50.48780049  004.76893027
110 1 0.00 60.0800 Main Taxiway
112  50.48759964  004.76655520  50.48760691  004.76652664
111  50.48762830  004.76650973
111  50.48776206  004.76639186
112  50.48782134  004.76638370  50.48785526  004.76639682
111  50.48786805  004.76643185
111  50.48793585  004.76661673
111  50.48824036  004.76744717
111  50.48831543  004.76765190
111  50.48862324  004.76849133
111  50.48883466  004.76906791
112  50.48884937  004.76913140  50.48885066  004.76916135
112  50.48883981  004.76921519  50.48883094  004.76924841
111  50.48883981  004.76921519
112  50.48883981  004.76921519  50.48882259  004.76925128
111  50.48881748  004.76925326
111  50.48860664  004.76944179
111  50.48856615  004.76931282
111  50.48845800  004.76939344
111  50.48831990  004.76949809
111  50.48828538  004.76952265
111  50.48807143  004.76967485
111  50.48821380  004.77014531
111  50.48824120  004.77012445
111  50.48843331  004.76997813
111  50.48851123  004.77022932
111  50.48862345  004.77059111
111  50.48869513  004.77053645
111  50.48873411  004.77050673
111  50.48889515  004.77038394
111  50.48871929  004.76981415
111  50.48864608  004.76957696
111  50.48886014  004.76938513
112  50.48893116  004.76938716  50.48896143  004.76941669
111  50.48897870  004.76946793
111  50.48973017  004.77151857
112  50.48974388  004.77157126  50.48974942  004.77160625
111  50.48974388  004.77157126
112  50.48974388  004.77157126  50.48974682  004.77158985
112  50.48973725  004.77165193  50.48973121  004.77168535
111  50.48973725  004.77165193
112  50.48973725  004.77165193  50.48973193  004.77168140
112  50.48971818  004.77174786  50.48971170  004.77178113
111  50.48971818  004.77174786
112  50.48971818  004.77174786  50.48969413  004.77186597
112  50.48969488  004.77205434  50.48970991  004.77213584
112  50.48985313  004.77227885  50.48995589  004.77234073
111  50.48985313  004.77227885
112  50.48985313  004.77227885  50.48991454  004.77231428
112  50.48998944  004.77233999  50.49001891  004.77235016
111  50.48998944  004.77233999
112  50.48998944  004.77233999  50.49000929  004.77234684
112  50.49002729  004.77235770  50.49003269  004.77236414
111  50.49002729  004.77235770
112  50.49002729  004.77235770  50.49004069  004.77237369
111  50.49005087  004.77240553
111  50.49086908  004.77463981
111  50.49114106  004.77439541
111  50.48804795  004.76595821
111  50.48789691  004.76609533
112  50.48785567  004.76610998  50.48783674  004.76610354
111  50.48782487  004.76606945
111  50.48766154  004.76561794
112  50.48745837  004.76532063  50.48732942  004.76522142
111  50.48717956  004.76531849
111  50.48721299  004.76542727
112  50.48744327  004.76542851  50.48755599  004.76551922
111  50.48760516  004.76567088
111  50.48777030  004.76611660
112  50.48777562  004.76618225  50.48776944  004.76621697
111  50.48775155  004.76622947
111  50.48759054  004.76637400
112  50.48754895  004.76638572  50.48752850  004.76637857
111  50.48751916  004.76634450
111  50.48739205  004.76593041
111  50.48737210  004.76594492
111  50.48721299  004.76542727
111  50.48717956  004.76531849
111  50.48669966  004.76375720
111  50.48663996  004.76380061
111  50.48665326  004.76384389
111  50.48666934  004.76389619
111  50.48669771  004.76398852
111  50.48671384  004.76404098
111  50.48674234  004.76413371
111  50.48675845  004.76418611
111  50.48678732  004.76428003
111  50.48680347  004.76433259
111  50.48683117  004.76442269
111  50.48684733  004.76447527
111  50.48687567  004.76456746
111  50.48689181  004.76461997
111  50.48692049  004.76471330
111  50.48693665  004.76476587
111  50.48696494  004.76485789
111  50.48698105  004.76491033
111  50.48700950  004.76500288
111  50.48702565  004.76505541
111  50.48705380  004.76514699
111  50.48706994  004.76519952
111  50.48709858  004.76529269
111  50.48711470  004.76534512
111  50.48714312  004.76543760
111  50.48715921  004.76548993
111  50.48718783  004.76558307
111  50.48720396  004.76563553
111  50.48731240  004.76598833
111  50.48727037  004.76602090
111  50.48707843  004.76616965
111  50.48725459  004.76672259
111  50.48717105  004.76679019
111  50.48717992  004.76681870
111  50.48722383  004.76695943
111  50.48684040  004.76726017
111  50.48686429  004.76733540
111  50.48680795  004.76737959
111  50.48677142  004.76727396
111  50.48650251  004.76759997
111  50.48665861  004.76787915
111  50.48682199  004.76775465
112  50.48685116  004.76774991  50.48686734  004.76775474
111  50.48687561  004.76779078
111  50.48692331  004.76794082
111  50.48674904  004.76829009
111  50.48677646  004.76832722
111  50.48697790  004.76792505
111  50.48697126  004.76790197
111  50.48718699  004.76772717
111  50.48721161  004.76770722
111  50.48733944  004.76760364
112  50.48737292  004.76759288  50.48739495  004.76759596
111  50.48737292  004.76759288
112  50.48737292  004.76759288  50.48739117  004.76759874
111  50.48739946  004.76763066
111  50.48747175  004.76785667
111  50.48750889  004.76782683
111  50.48752854  004.76788125
111  50.48759380  004.76783052
111  50.48790416  004.76884756
111  50.48807906  004.76871734
111  50.48832263  004.76853635
111  50.48826206  004.76835106
111  50.48821943  004.76822144
111  50.48813202  004.76795565
111  50.48805229  004.76801625
111  50.48795577  004.76770421
111  50.48793236  004.76769822
113  50.48760445  004.76662262
111  50.48799561  004.76617880
112  50.48806937  004.76615975  50.48810590  004.76617479
111  50.48813081  004.76621237
111  50.48951331  004.76999007
112  50.48951506  004.77011732  50.48950419  004.77018020
111  50.48947021  004.77020464
112  50.48940907  004.77022145  50.48936819  004.77021803
111  50.48934028  004.77015847
111  50.48890583  004.76896446
111  50.48797219  004.76641740
114  50.48794945  004.76627626  50.48795790  004.76621269
111  50.49102576  004.77412229
112  50.49103739  004.77425925  50.49102521  004.77432761
111  50.49099578  004.77435223
112  50.49092871  004.77437641  50.49088609  004.77437095
111  50.49086069  004.77430854
111  50.48947668  004.77053360
112  50.48947093  004.77041028  50.48948310  004.77035287
111  50.48951378  004.77032317
112  50.48958405  004.77030458  50.48962623  004.77031962
113  50.48964948  004.77036100
111  50.48983781  004.77180972
111  50.48995203  004.77211800
112  50.48991626  004.77213685  50.48989579  004.77214336
111  50.48991626  004.77213685
112  50.48991626  004.77213685  50.48989990  004.77214205
112  50.48986245  004.77213199  50.48984468  004.77212044
111  50.48986245  004.77213199
112  50.48986245  004.77213199  50.48982245  004.77210601
111  50.48980621  004.77206815
112  50.48977971  004.77196799  50.48977884  004.77192015
112  50.48979798  004.77186523  50.48980712  004.77183379
111  50.48979798  004.77186523
112  50.48979798  004.77186523  50.48980024  004.77185746
112  50.48980792  004.77184353  50.48981202  004.77183691
111  50.48980792  004.77184353
114  50.48980792  004.77184353  50.48982041  004.77182337
111  50.48796172  004.76801152
111  50.48790692  004.76805327
111  50.48786422  004.76791483
113  50.48791902  004.76787307
111  50.48661511  004.76759496
111  50.48664325  004.76763048
111  50.48662091  004.76767569
113  50.48659262  004.76764022
110 1 0.00 0.0000 New Taxiway 8
111  50.48862802  004.76910440
111  50.48858632  004.76913487
111  50.48854504  004.76916503
111  50.48858455  004.76929356
113  50.48866753  004.76923294
130 Airport Boundary
111  50.48671013  004.76357731
111  50.48631583  004.76382781
111  50.48699254  004.76673335
111  50.48624715  004.76759331
111  50.48754273  004.76968563
111  50.48792095  004.77019101
111  50.48857741  004.77212585
111  50.48948424  004.77210218
111  50.49086219  004.77484916
111  50.49144823  004.77436577
111  50.49176446  004.77290157
111  50.49122602  004.77138824
111  50.48899704  004.76528257
111  50.48881232  004.76497065
113  50.48790398  004.76580267
120 5_single_hold.lin
111  50.49086828  004.77433245 5
115  50.49095199  004.77455973
120 5_single_hold.lin
111  50.48935064  004.77018136 5
115  50.48946697  004.77049977
120 2_single_taxi_dash.lin
111  50.48885006  004.76920442 2
115  50.48890970  004.76936541
120 2_single_taxi_dash.lin
111  50.48775968  004.76622661 2
115  50.48781628  004.76638062
120 5_single_hold.lin
111  50.48786468  004.76612743 5
115  50.48793987  004.76633223
120 1_single_taxi.lin
111  50.49110304  004.77433931 1
111  50.49101367  004.77442161 1
112  50.49090133  004.77444962  50.49083911  004.77443158
111  50.49090133  004.77444962
112  50.49090133  004.77444962  50.49087502  004.77444200 1
112  50.49083781  004.77439218  50.49082259  004.77436616
111  50.49083781  004.77439218
112  50.49083781  004.77439218  50.49082004  004.77435524 1
115  50.49080780  004.77431780
120 1_single_taxi.lin
111  50.48773326  004.76632857 1
112  50.48778751  004.76631139  50.48781124  004.76630861 1
112  50.48785930  004.76632265  50.48788284  004.76633631 1
115  50.48789997  004.76637121
120 1_single_taxi.lin
111  50.48797570  004.76611017 1
112  50.48792299  004.76619155  50.48791103  004.76622117 1
112  50.48789650  004.76627652  50.48788998  004.76632151 1
115  50.48789997  004.76637121
120 1_single_taxi.lin
111  50.48789997  004.76637121 1
111  50.48888612  004.76906619 1
111  50.48900974  004.76940400 1
111  50.48930584  004.77021320 1
111  50.48941992  004.77052496 1
115  50.49080780  004.77431780
120 1_single_taxi.lin
111  50.48885302  004.76930820 1
112  50.48889356  004.76929658  50.48890917  004.76929896 1
112  50.48895457  004.76933028  50.48898628  004.76936035 1
115  50.48900974  004.76940400
120 1_single_taxi.lin
111  50.48862776  004.76950847 1
115  50.48813110  004.76987191
120 1_single_taxi.lin
111  50.48885302  004.76930820 1
115  50.48862776  004.76950847
120 1_single_taxi.lin
111  50.48806159  004.76603279 1
111  50.48797570  004.76611017 1
111  50.48773326  004.76632857 1
115  50.48756109  004.76648367
120 1_single_taxi.lin
111  50.48948145  004.77027420 1
112  50.48944239  004.77033971  50.48942940  004.77037008 1
112  50.48941581  004.77043417  50.48940947  004.77048021 1
115  50.48941992  004.77052496
120 1_single_taxi.lin
111  50.48948145  004.77027420 1
112  50.48943313  004.77029643  50.48941259  004.77029920 1
112  50.48936115  004.77028417  50.48933367  004.77026613 1
115  50.48930584  004.77021320
120 1_single_taxi.lin
111  50.48958127  004.77018321 1
115  50.48948145  004.77027420
120 1_single_taxi.lin
111  50.48888612  004.76906619 1
112  50.48889364  004.76913901  50.48889411  004.76919173
111  50.48889364  004.76913901
112  50.48889364  004.76913901  50.48889381  004.76917560 1
112  50.48888576  004.76923649  50.48887855  004.76926808
111  50.48888576  004.76923649
112  50.48888576  004.76923649  50.48888570  004.76923675 1
112  50.48888505  004.76923727  50.48888499  004.76923754
111  50.48888505  004.76923727
112  50.48888505  004.76923727  50.48887441  004.76928096 1
115  50.48885302  004.76930820
14  50.48839384  004.76939365  39.37 0 Tower Viewpoint
1300  50.48822204  004.76988719 -114.15 tie_down props GA 4
1301 A general_aviation 
1300  50.48834032  004.76980081 -114.15 tie_down props GA 3
1301 A none 
1300  50.48845843  004.76971467 -114.15 tie_down props GA 2
1301 A none 
1300  50.48857629  004.76962866 -114.38 tie_down turboprops|props GA 1
1301 A none 
1300  50.48871367  004.77001978 -296.25 tie_down helos H 1
1301 A general_aviation 
1300  50.48881293  004.77033900 -296.25 tie_down helos H 2
1301 A general_aviation 
1300  50.48864889  004.77028526 -296.25 tie_down helos H 3
1301 A general_aviation 
1054 118005 Namur Radio
99
