I
1130 Generated by WorldEditor 2.2.0r2

1    448 1 0 LFQJ Maubeuge - Élesmes
1302 city Élesmes
1302 country France
1302 datum_lat 50.308333333
1302 datum_lon 4.03
1302 faa_code 
1302 gui_label 3D
1302 iata_code XME
1302 icao_code LFQJ
1302 region_code LF
1302 state Nord
1302 transition_alt 3000
1302 transition_level 
100 30.00 1 0 0.00 0 0 0 05  50.30642530  004.02654931    0    0 2 0 0 0 23  50.31423360  004.04018999    0    0 2 0 0 0
100 80.00 3 0 0.00 0 0 0 05L  50.30931751  004.03032563    0    0 0 0 0 0 23R  50.31412268  004.03871979    0    0 0 0 0 0
100 20.00 3 0 0.00 0 2 0 04  50.31102420  004.03071732    0    0 1 0 0 0 22  50.31282404  004.03386842    0    0 1 0 0 0
102 H1  50.30830662  004.03217488 318.77 15.90 15.90 15 0 0 0.25 0
110 1 0.25 87.0000 Paramot area
111  50.31578599  004.03581759
111  50.31541727  004.03584376
111  50.31544696  004.03686996
113  50.31581569  004.03684380
110 5 0.00 112.0000 Para target
111  50.31508954  004.03255123
111  50.31502635  004.03245649
111  50.31494482  004.03240683
111  50.31485736  004.03240981
111  50.31477728  004.03246498
111  50.31471679  004.03256393
111  50.31468507  004.03269161
111  50.31468698  004.03282857
111  50.31472220  004.03295397
111  50.31478539  004.03304871
111  50.31486692  004.03309837
111  50.31495438  004.03309539
111  50.31503446  004.03304023
111  50.31509496  004.03294127
111  50.31512667  004.03281359
113  50.31512477  004.03267663
110 1 0.25 57.0000 Apron N
111  50.31596142  004.03022845
111  50.31557612  004.02930069
111  50.31550407  004.02937621
111  50.31546987  004.02929661
111  50.31540179  004.02937141
111  50.31580438  004.03038997
113  50.31593376  004.03025702
110 3 0.00 57.0000 Taxiway N grass
111  50.31540179  004.02937141
111  50.31500560  004.02974815
111  50.31552163  004.03107874
111  50.31593039  004.03067792
111  50.31617734  004.03128420
111  50.31624452  004.03138119
111  50.31620203  004.03106750
111  50.31588450  004.03030809
113  50.31580438  004.03038997
110 1 0.00 48.3500 Taxiway C
112  50.31495341  004.02838347  50.31509276  004.02862596
111  50.31495341  004.02838347
111  50.31540179  004.02937141
111  50.31546987  004.02929661
111  50.31502429  004.02830167
112  50.31502429  004.02830167  50.31487965  004.02798149
112  50.31451721  004.02801195  50.31437293  004.02803790
111  50.31451721  004.02801195
111  50.30949930  004.02912490
111  50.30910731  004.02921062
112  50.30910731  004.02921062  50.30897451  004.02922924
112  50.30876771  004.02947932  50.30871094  004.02956281
111  50.30876771  004.02947932
111  50.30857611  004.02975035
112  50.30857611  004.02975035  50.30849809  004.02986172
111  50.30841791  004.02972315
111  50.30869364  004.03020761
112  50.30870247  004.02976781  50.30879960  004.02959092
111  50.30870247  004.02976781
111  50.30884943  004.02952513
112  50.30884943  004.02952513  50.30889797  004.02945246
112  50.30911630  004.02931942  50.30918567  004.02929580
111  50.30911630  004.02931942
111  50.30950910  004.02923390
111  50.31452393  004.02814396
114  50.31452393  004.02814396  50.31470139  004.02812047
110 1 0.00 138.0000 Taxiway A
111  50.30823056  004.03000943
112  50.30822534  004.03023733  50.30816468  004.03032582
111  50.30822534  004.03023733
111  50.30792409  004.03065671
111  50.30745150  004.03131494
111  50.30755050  004.03144679
112  50.30755050  004.03144679  50.30756147  004.03134459
111  50.30759366  004.03130017
111  50.30797862  004.03075023
111  50.30827985  004.03033072
112  50.30827985  004.03033072  50.30834678  004.03024223
113  50.30840406  004.03031369
110 1 0.00 138.0000 Taxiway B
111  50.30996423  004.03557277
111  50.31060576  004.03467664
112  50.31060576  004.03467664  50.31076189  004.03447773
111  50.31093980  004.03473425
111  50.31051719  004.03399232
112  50.31052832  004.03453019  50.31038843  004.03472526
111  50.31052832  004.03453019
113  50.30988193  004.03542490
110 1 0.00 48.3500 Apron
111  50.30654695  004.02645399
111  50.30677620  004.02685449
112  50.30674073  004.02671583  50.30672892  004.02664650
114  50.30669374  004.02651268  50.30665610  004.02644121
110 1 0.00 48.3500 Apron
111  50.30803465  004.03247244
111  50.30761243  004.03174069
112  50.30761243  004.03174069  50.30757902  004.03168345
112  50.30755050  004.03144679  50.30756193  004.03133035
111  50.30755050  004.03144679
111  50.30745150  004.03131494
111  50.30729710  004.03125055
111  50.30724125  004.03145538
111  50.30728061  004.03155497
111  50.30720039  004.03166361
111  50.30839540  004.03374782
111  50.30832500  004.03384440
111  50.30953091  004.03593782
111  50.30968655  004.03599712
111  50.30996423  004.03557277
111  50.30988193  004.03542490
112  50.30968487  004.03542371  50.30958420  004.03527615
111  50.30968487  004.03542371
111  50.30804343  004.03248931
111  50.30823897  004.03222381
111  50.30829996  004.03233302
111  50.30840764  004.03218527
111  50.30831404  004.03201818
111  50.30820531  004.03216416
113  50.30823033  004.03220851
110 1 0.00 138.0000 Apron
111  50.30986685  004.03379599
111  50.30933399  004.03284570
111  50.30900813  004.03329370
111  50.30952376  004.03421325
111  50.30956634  004.03421108
113  50.30986747  004.03379709
110 3 0.00 138.0000 Taxiway ULM NE
111  50.31287829  004.03379077
112  50.31276159  004.03375581  50.31271009  004.03383647
111  50.31276667  004.03394649
112  50.31289351  004.03394172  50.31292684  004.03398443
111  50.31289351  004.03394172
111  50.31449944  004.03578358
111  50.31474547  004.03730664
111  50.31584289  004.03723406
111  50.31625549  004.03622996
111  50.31635853  004.03617490
111  50.31637653  004.03606799
111  50.31629551  004.03593558
111  50.31578992  004.03549954
113  50.31447999  004.03563528
110 3 0.00 138.0000 Taxiway ULM SW
111  50.31107848  004.03063810
111  50.31099533  004.03062563
111  50.31016320  004.02914293
111  50.31017842  004.02908737
111  50.31008794  004.02910741
111  50.31013276  004.02916677
111  50.31096922  004.03066185
111  50.31096788  004.03079699
114  50.31109573  004.03083989  50.31115240  004.03075467
110 3 0.00 138.0000 Gliders standby NE
111  50.31433522  004.03842531
112  50.31392315  004.03835414  50.31372014  004.03866254
111  50.31392012  004.03899942
114  50.31452308  004.03943593  50.31483517  004.03900891
110 3 0.50 138.0000 Gliders standby SW
111  50.30953115  004.03002724
111  50.30911630  004.02931942
112  50.30911630  004.02931942  50.30904693  004.02934304
112  50.30884943  004.02952513  50.30880089  004.02959780
111  50.30884943  004.02952513
111  50.30870247  004.02976781
112  50.30870247  004.02976781  50.30860534  004.02994471
111  50.30869364  004.03020761
111  50.30910612  004.03062028
114  50.30954167  004.03071583  50.30976471  004.03039954
110 1 0.25 48.0000 Aeromod area
111  50.31216215  004.04048923
111  50.31206396  004.04063559
111  50.31214035  004.04076588
111  50.31201022  004.04095386
111  50.31193239  004.04082133
111  50.31180097  004.04101161
111  50.31251466  004.04225007
111  50.31264488  004.04206895
111  50.31257198  004.04194114
111  50.31270485  004.04175346
111  50.31277962  004.04188155
111  50.31287721  004.04174582
111  50.31270161  004.04143784
111  50.31260348  004.04157964
111  50.31267573  004.04170353
111  50.31256837  004.04184328
111  50.31249710  004.04172279
111  50.31246714  004.04176403
111  50.31211206  004.04113936
111  50.31213637  004.04109733
111  50.31206262  004.04096826
111  50.31216859  004.04081202
111  50.31224482  004.04094691
113  50.31234082  004.04080384
130 Airport Boundary
111  50.31665402  004.02954873
111  50.31646242  004.02913936
111  50.31471506  004.02779048
111  50.30881770  004.02894641
111  50.30712576  004.02592709
111  50.30652360  004.02520649
111  50.30583363  004.02534154
111  50.30576935  004.02618622
111  50.30561895  004.02716152
111  50.30603222  004.02788989
111  50.30717037  004.03094756
111  50.30631964  004.03367423
111  50.30940988  004.03605781
111  50.31128065  004.03683599
111  50.31133389  004.03697751
111  50.31176492  004.04241720
111  50.31344789  004.04234843
111  50.31575279  004.04075914
111  50.31607603  004.03780366
111  50.31750283  004.03457627
113  50.31690221  004.03016417
120 H
111  50.30833559  004.03215094 24
111  50.30827969  004.03214871 24
111  50.30827962  004.03215122 24
111  50.30833451  004.03215336 24
111  50.30833445  004.03215578 24
111  50.30830889  004.03215483 24
111  50.30830829  004.03219450 24
111  50.30833413  004.03219547 24
111  50.30833403  004.03220031 24
111  50.30827887  004.03219863 24
111  50.30827907  004.03219343 24
111  50.30830502  004.03219439 24
111  50.30830562  004.03215470 24
111  50.30827857  004.03215367
111  50.30827900  004.03219625 24
111  50.30830593  004.03219704 24
111  50.30830666  004.03215471 24
111  50.30830803  004.03215475 24
111  50.30830729  004.03219708 24
115  50.30833400  004.03219786
120 Linear Feature 2
111  50.30805509  004.02937610 10
111  50.30832575  004.02985329
112  50.30832575  004.02985329  50.30844201  004.03005103 10
115  50.30854921  004.02992761
120 Linear Feature 1
111  50.30804249  004.02939546 10
111  50.30824924  004.02975293
112  50.30824924  004.02975293  50.30831833  004.02987708 10
116  50.30826522  004.03027317  50.30818917  004.03036698
120 Linear Feature 11
111  50.31246787  004.04176398 20
111  50.31253965  004.04188495 20
115  50.31256847  004.04184342
120 Linear Feature 10
111  50.31206257  004.04097088 20
111  50.31203632  004.04100997 20
115  50.31211206  004.04113936
120 Linear Feature 9
111  50.31257433  004.04215510 8
115  50.31187105  004.04092387
120 Centreline for Taxi
111  50.30749258  004.03134693 10
111  50.30826522  004.03027317
112  50.30826522  004.03027317  50.30830825  004.03021388
112  50.30854921  004.02992761  50.30859321  004.02986361
111  50.30854921  004.02992761 10
112  50.30874739  004.02959362  50.30882370  004.02947804 10
112  50.30911061  004.02926601  50.30926497  004.02923428
111  50.30911061  004.02926601 10
111  50.31451525  004.02807825
112  50.31451525  004.02807825  50.31486392  004.02802157 10
112  50.31498808  004.02834977  50.31502608  004.02842177
111  50.31498808  004.02834977 10
115  50.31533709  004.02911965
120 Linear Feature 12
112  50.31062510  004.03452879  50.31082262  004.03427187 51
111  50.31098010  004.03452274 51
115  50.31120072  004.03490927
120 Centreline for Taxi
111  50.30992527  004.03550091 10
111  50.31039060  004.03485269
111  50.31041100  004.03482518 10
111  50.31062510  004.03452879
112  50.31062510  004.03452879  50.31080860  004.03426893 10
111  50.31066596  004.03397117 10
115  50.31047052  004.03363133
120 Centreline for Taxi
112  50.30826522  004.03027317  50.30833442  004.03018986 10
112  50.30854450  004.03027077  50.30858701  004.03034181
111  50.30854450  004.03027077 10
115  50.30878915  004.03069596
120 Centreline for Taxi
112  50.30854921  004.02992761  50.30851172  004.02998428 10
112  50.30855674  004.03025636  50.30862878  004.03038073
111  50.30855674  004.03025636 10
115  50.30879822  004.03068059
120 Taxi hold short
111  50.30950910  004.02923390 12
115  50.30949930  004.02912490
120 Taxi hold short
111  50.30792462  004.03065623 12
115  50.30797862  004.03075023
120 Taxi hold short
111  50.31035850  004.03476330 12
115  50.31044042  004.03490580
120 Linear Feature 13
111  50.30776007  004.03260476 20
111  50.30786853  004.03280045 20
111  50.30803069  004.03297026 20
111  50.30825190  004.03335827 20
111  50.30829632  004.03351758 20
111  50.30841168  004.03373929 20
111  50.30837550  004.03388581 20
115  50.30955119  004.03594617
120 Linear Feature 34
111  50.30684732  004.02728090 10
111  50.30678459  004.02716973
112  50.30678459  004.02716973  50.30673165  004.02707662 10
111  50.30671032  004.02690267 10
115  50.30666884  004.02665384
14  50.30821761  004.03343384  49.21 0 Tower Viewpoint
1300  50.30828783  004.03220630 137.68 misc helos Ramp_start H
1301 A none 
1300  50.31573633  004.03006391 -122.42 misc turboprops|props Ramp start Para 1
1301 B none 
1300  50.31548797  004.02995103 327.09 misc turboprops|props Ramp start Para 2
1301 A none 
1300  50.31539842  004.02973039 327.89 misc turboprops|props Ramp start Para 3
1301 A none 
1300  50.30936706  004.03487451 137.16 misc turboprops|props Ramp start GA 1
1301 A none 
1300  50.30926835  004.03469874 137.16 misc turboprops|props Ramp start GA 2
1301 A none 
1300  50.30904978  004.03428159 140.38 misc turboprops|props Ramp start GA 3
1301 B none 
1300  50.30892891  004.03407095 140.41 misc turboprops|props Ramp start GA 4
1301 B none 
1300  50.30880368  004.03384613 137.46 misc turboprops|props Ramp start GA 5
1301 B none 
1300  50.30867031  004.03362597 137.16 misc turboprops|props Ramp start GA 6
1301 A none 
1300  50.30838404  004.03305328 137.68 misc turboprops|props Ramp start GA 7
1301 A none 
1300  50.30828827  004.03288459 137.68 misc turboprops|props Ramp start GA 8
1301 A none 
1300  50.30819495  004.03271236 137.68 misc turboprops|props Ramp start GA 9
1301 A none 
1300  50.30797111  004.03237316 137.68 misc turboprops|props Ramp start GA 10
1301 A none 
1300  50.30777493  004.03210609 137.68 misc turboprops|props Ramp start GA 11
1301 B none 
19  50.31567982  004.03304225 1 Windsock N
19  50.30882830  004.03309090 1 Windsock SE
1051 121000 CTAF
1054 121000 Twr
1056 121000 Dep
1000 NE ATC Flow
1001 LFQQ 318 138 35
1002 LFQQ 0
1003 LFQQ 0.0
1101 05 right
1110 05 121000 arrivals|departures jets|turboprops|helos 000360 000360 Arr,Dep Rwy 05
1110 05L 121000 arrivals|departures props 000360 000360 Arr,Dep Rwy 05L
1000 SW ATC Flow
1002 LFQQ 0
1003 LFQQ 0.0
1101 23 left
1110 23 121000 arrivals|departures jets|turboprops|helos 000360 000360 Arr,Dep Rwy 23
1110 23R 121000 arrivals|departures props 000360 000360 Arr,Dep Rwy 23R
1200 
1201  50.30909257  004.02994557 both 0 C2_stop
1201  50.31409429  004.03866791 both 1 05L/23R_start
1201  50.30933552  004.03035602 both 2 05L/23R_start
1201  50.31122339  004.03365630 both 3 05L/23R_start
1201  50.30863503  004.03406038 both 4 P_stop
1201  50.30844149  004.03343691 both 5 P_stop
1201  50.30810597  004.03284644 both 6 P_stop
1201  50.30771171  004.03228990 both 7 P_stop
1201  50.31547387  004.02943054 both 8 C_stop
1201  50.31493827  004.02824351 both 9 C_stop
1201  50.31481249  004.02811414 both 10 C_stop
1201  50.31460889  004.02805909 both 11 C_stop
1201  50.30951482  004.02917755 both 12 C_stop
1201  50.30906764  004.02927561 both 13 C_stop
1201  50.30882716  004.02948236 both 14 C_stop
1201  50.30894835  004.02934988 both 15 C_stop
1201  50.30861233  004.02981601 both 16 C_stop
1201  50.30850521  004.02999161 both 17 C_stop
1201  50.30956649  004.03571711 both 18 B_stop
1201  50.30980449  004.03566836 both 19 B_stop
1201  50.31039074  004.03485214 both 20 B_stop
1201  50.30740178  004.03174842 both 21 A_stop
1201  50.30741297  004.03145900 both 22 A_stop
1201  50.30794722  004.03071647 both 23 A_stop
1201  50.31416522  004.03889239 both 24 05/23R_stop
1201  50.31414877  004.03909557 both 25 05/23R_stop
1201  50.31422605  004.03923041 both 26 05/23R_stop
1201  50.31435246  004.03926477 both 27 05/23R_stop
1201  50.31444786  004.03913890 both 28 05/23R_stop
1201  50.31445168  004.03893310 both 29 05/23R_stop
1201  50.31437321  004.03877025 both 30 05/23R_stop
1201  50.31423869  004.03878034 both 31 05/23R_stop
1201  50.31408320  004.03984536 both 32 05/23_stop
1201  50.31413409  004.03982163 both 33 05/23_stop
1201  50.31418823  004.03990640 both 34 05/23_stop
1201  50.31419581  004.04002509 both 35 05/23_stop
1201  50.31413409  004.04012174 both 36 05/23_stop
1201  50.31406913  004.04010817 both 37 05/23_stop
1201  50.31401824  004.04002170 both 38 05/23_stop
1201  50.31403123  004.03993014 both 39 05/23_stop
1201  50.30653559  004.02654711 both 40 05/23_stop
1201  50.30662018  004.02655398 both 41 05/23_stop
1201  50.30666968  004.02665013 both 42 05/23_stop
1201  50.31401021  004.03980333 both 43 05/23_start
1201  50.30674168  004.02710180 both 44 05/23_stop
1201  50.30842544  004.03004539 both 45 05/23_start
1201  50.31082024  004.03423047 both 46 05/23_start
1201  50.30648826  004.02665791 both 47 05/23_start
1202 0 16 twoway taxiway_B C2
1204 departure 05L,23R
1204 arrival 05L,23R
1202 0 13 twoway taxiway_B C2
1204 departure 05L,23R
1204 arrival 05L,23R
1202 2 0 twoway taxiway_B C2
1204 departure 05L,23R
1204 arrival 05L,23R
1202 2 3 twoway runway 05L/23R
1204 departure 05L,23R
1204 arrival 05L,23R
1204 ils 05L,23R
1202 3 1 twoway runway 05L/23R
1204 departure 05L,23R
1204 arrival 05L,23R
1204 ils 05L,23R
1202 4 18 twoway taxiway_B P
1202 5 4 twoway taxiway_B P
1202 6 5 twoway taxiway_B P
1202 7 6 twoway taxiway_B P
1202 21 7 twoway taxiway_B P
1202 9 8 twoway taxiway_B C
1202 10 9 twoway taxiway_B C
1202 11 10 twoway taxiway_B C
1202 12 11 twoway taxiway_B C
1202 13 12 twoway taxiway_B C
1204 departure 05,05L,23,23R
1204 arrival 05,05L,23,23R
1202 14 15 twoway taxiway_B C
1204 departure 05,05L,23,23R
1204 arrival 05,05L,23,23R
1202 15 13 twoway taxiway_B C
1204 departure 05,05L,23,23R
1204 arrival 05,05L,23,23R
1202 16 14 twoway taxiway_B C
1204 departure 05,05L,23,23R
1204 arrival 05,05L,23,23R
1202 17 16 twoway taxiway_B C
1204 departure 05,05L,23,23R
1204 arrival 05,05L,23,23R
1202 45 17 twoway taxiway_B C
1204 departure 05,05L,23,23R
1204 arrival 05,05L,23,23R
1202 19 18 twoway taxiway_B B
1202 20 19 twoway taxiway_B B
1202 20 46 twoway taxiway_B B
1204 departure 05,23
1204 arrival 05,23
1202 22 21 twoway taxiway_B A
1202 23 22 twoway taxiway_B A
1202 45 23 twoway taxiway_B A
1204 departure 05,05L,23,23R
1204 arrival 05,05L,23,23R
1202 24 1 oneway taxiway_B 05/23R
1204 departure 05L,23R
1204 arrival 05L,23R
1202 25 24 oneway taxiway_B 05/23R
1204 departure 05L,23R
1204 arrival 05L,23R
1202 26 25 oneway taxiway_B 05/23R
1204 departure 05L,23R
1204 arrival 05L,23R
1202 27 26 oneway taxiway_B 05/23R
1204 departure 05L,23R
1204 arrival 05L,23R
1202 28 27 oneway taxiway_B 05/23R
1204 departure 05L,23R
1204 arrival 05L,23R
1202 29 28 oneway taxiway_B 05/23R
1204 departure 05L,23R
1204 arrival 05L,23R
1202 30 29 oneway taxiway_B 05/23R
1204 departure 05L,23R
1204 arrival 05L,23R
1202 31 30 oneway taxiway_B 05/23R
1204 departure 05L,23R
1204 arrival 05L,23R
1202 1 31 oneway taxiway_B 05/23R
1204 departure 05L,23R
1204 arrival 05L,23R
1202 32 43 oneway taxiway_C 05/23
1204 departure 05,23
1204 arrival 05,23
1202 33 32 oneway taxiway_C 05/23
1204 departure 05,23
1204 arrival 05,23
1202 34 33 oneway taxiway_C 05/23
1204 departure 05,23
1204 arrival 05,23
1202 35 34 oneway taxiway_C 05/23
1204 departure 05,23
1204 arrival 05,23
1202 36 35 oneway taxiway_C 05/23
1204 departure 05,23
1204 arrival 05,23
1202 37 36 oneway taxiway_C 05/23
1204 departure 05,23
1204 arrival 05,23
1202 38 37 oneway taxiway_C 05/23
1204 departure 05,23
1204 arrival 05,23
1202 39 38 oneway taxiway_C 05/23
1204 departure 05,23
1204 arrival 05,23
1202 43 39 oneway taxiway_C 05/23
1204 departure 05,23
1204 arrival 05,23
1202 40 47 oneway taxiway_C 05/23
1204 departure 05,23
1204 arrival 05,23
1202 41 40 oneway taxiway_C 05/23
1204 departure 05,23
1204 arrival 05,23
1202 42 41 oneway taxiway_C 05/23
1204 departure 05,23
1204 arrival 05,23
1202 44 42 oneway taxiway_C 05/23
1204 departure 05,23
1204 arrival 05,23
1202 44 45 twoway runway 05/23
1204 departure 05,23
1204 arrival 05,23
1204 ils 05,23
1202 45 46 twoway runway 05/23
1204 departure 05,23
1204 arrival 05,23
1204 ils 05,23
1202 46 43 twoway runway 05/23
1204 departure 05,23
1204 arrival 05,23
1204 ils 05,23
1202 47 44 oneway runway 05/23
1204 departure 05,23
1204 arrival 05,23
1204 ils 05,23
99
